0.02,2.46,2.45,3.98,0.00,-11.82,-16.20,0.72,0.27
0.09,2.35,2.48,0.99,12.00,-48.60,-6.71,-0.61,-6.24
0.15,2.07,2.46,0.22,12.00,-139.43,-12.00,-0.61,-10.00
0.22,2.28,2.40,3.68,12.00,-72.90,-31.82,-0.63,-1.29
0.29,2.83,2.45,0.91,0.00,105.50,-16.20,0.61,7.51
0.35,2.98,2.45,3.77,0.00,153.90,-16.20,0.61,10.00
0.42,3.24,2.48,4.45,0.00,239.52,-6.03,0.61,10.00
0.49,3.15,2.50,1.09,0.00,209.09,-0.25,0.61,10.00
0.56,2.93,2.48,3.80,0.00,137.70,-6.52,0.61,10.00
0.62,2.87,2.53,0.85,0.00,119.37,8.34,0.61,10.00
0.69,2.79,2.55,0.19,0.00,93.14,16.20,0.61,4.75
0.76,2.70,2.53,3.67,0.00,64.80,8.34,0.61,6.77
0.82,2.63,2.56,4.41,0.00,40.50,19.72,0.64,1.05
0.89,2.58,2.60,1.11,12.00,27.16,32.40,-0.77,-0.16
0.96,2.57,2.58,3.88,12.00,24.30,27.51,-0.81,-0.12
1.02,2.65,2.55,4.46,0.00,48.60,16.58,0.62,1.93
1.09,2.95,2.65,1.13,0.00,145.80,48.60,0.62,2.00
1.16,2.90,2.64,0.25,0.00,130.86,46.34,0.62,1.82
1.22,2.78,2.62,3.67,0.00,89.10,40.08,0.63,1.22
1.29,2.75,2.64,0.82,0.00,81.00,43.90,0.64,0.85
1.36,2.65,2.68,0.20,12.00,48.62,56.70,-0.79,-0.14
1.42,2.63,2.64,3.67,12.00,40.94,43.94,-0.81,-0.07
1.49,2.88,2.64,4.41,0.00,124.39,46.01,0.62,1.70
1.56,3.15,2.70,1.10,0.00,209.89,66.05,0.62,2.18
1.63,3.10,2.71,3.88,0.00,194.40,66.95,0.62,1.90
1.69,3.00,2.70,4.46,0.00,162.00,64.51,0.63,1.51
1.76,2.88,2.75,1.12,0.00,124.66,81.00,0.66,0.54
1.83,2.83,2.75,0.25,0.00,105.30,81.00,0.71,0.30
1.89,2.70,2.73,3.67,12.00,65.09,74.75,-0.80,-0.13
1.96,2.70,2.73,0.82,12.00,66.07,72.90,-0.82,-0.09
2.03,2.95,2.75,0.19,0.00,146.94,81.00,0.64,0.81
2.09,3.21,2.73,3.67,0.00,228.98,72.90,0.62,2.14
2.16,3.18,2.76,4.43,0.00,218.74,85.55,0.63,1.56
2.23,3.05,2.80,1.11,0.00,178.20,97.20,0.64,0.83
2.29,2.95,2.80,3.81,0.00,144.93,97.20,0.67,0.49
2.36,2.80,2.80,4.47,6.40,97.20,97.20,0.00,0.00
2.43,2.78,2.80,4.62,12.00,89.10,97.23,-0.82,-0.08
2.49,2.92,2.83,1.17,0.00,137.38,105.30,0.70,0.30
2.56,3.03,2.82,3.82,0.00,170.13,102.75,0.65,0.66
2.63,3.23,2.83,4.46,0.00,235.36,105.85,0.63,1.22
2.70,3.15,2.90,1.10,0.00,209.23,129.60,0.66,0.61
2.76,2.95,2.87,3.81,0.00,145.26,121.50,0.75,0.20
2.83,2.90,2.90,4.46,6.24,129.60,129.54,0.01,0.00
2.90,2.86,2.90,1.10,12.00,116.71,129.60,-0.82,-0.10
2.96,2.86,2.85,3.80,0.00,117.90,113.40,0.67,0.04
3.03,3.04,2.87,4.46,0.00,174.43,121.50,0.68,0.44
3.10,2.98,2.89,1.10,0.00,153.90,126.82,0.74,0.21
3.16,2.87,2.88,3.81,12.00,118.63,123.89,-0.70,-0.04
3.23,2.89,2.87,0.86,0.00,125.05,121.50,0.56,0.03
3.30,2.96,2.92,0.19,0.00,149.24,137.67,0.82,0.08
3.36,3.15,2.93,3.67,0.00,210.60,137.70,0.66,0.53
3.43,3.07,2.90,4.43,0.00,184.65,131.14,0.68,0.41
3.50,2.98,2.96,1.09,0.00,153.90,149.85,0.53,0.03
3.57,2.87,2.91,3.80,12.00,121.50,132.78,-0.82,-0.08
3.63,2.85,2.91,4.46,12.00,113.40,132.90,-0.78,-0.15
3.70,3.17,2.95,1.10,0.00,218.67,145.80,0.67,0.50
3.77,3.32,2.91,3.80,0.00,267.30,132.87,0.64,1.01
3.83,3.28,2.98,0.94,0.00,251.10,153.90,0.65,0.63
3.90,3.12,2.95,3.78,0.00,202.02,145.80,0.68,0.39
3.97,3.00,2.95,4.43,0.00,162.00,145.80,0.81,0.11
4.03,2.95,3.00,1.11,12.00,145.80,161.85,-0.82,-0.10
4.10,2.87,2.93,3.81,12.00,121.50,139.62,-0.80,-0.13
4.17,3.00,2.93,4.46,0.00,162.47,137.71,0.76,0.18
4.24,3.20,3.00,1.10,0.00,226.80,161.12,0.68,0.41
4.30,3.35,2.96,3.81,0.00,275.40,148.29,0.64,0.86
4.37,3.26,3.00,4.46,0.00,247.54,162.00,0.66,0.53
4.44,3.15,3.02,1.10,0.00,210.57,170.10,0.73,0.24
4.50,2.99,3.00,3.81,12.00,159.03,162.00,-0.39,-0.02
4.57,2.95,3.00,0.86,12.00,145.96,162.00,-0.82,-0.10
4.64,3.24,3.02,0.19,0.00,240.62,170.10,0.68,0.41
4.70,3.42,3.01,3.66,0.00,297.66,164.14,0.64,0.81
4.77,3.30,3.07,0.90,0.00,259.20,183.09,0.68,0.42
4.84,3.17,3.05,3.84,0.00,218.68,178.20,0.73,0.23
4.90,3.03,3.05,4.45,12.00,172.02,178.20,-0.62,-0.03
4.97,3.01,3.06,1.12,12.00,164.78,182.38,-0.82,-0.10
5.04,3.08,3.05,3.81,0.00,186.30,178.20,0.72,0.05
5.11,3.42,3.05,4.45,0.00,297.78,178.20,0.65,0.67
5.17,3.44,3.10,1.12,0.00,304.61,194.38,0.66,0.57
5.24,3.15,3.08,3.80,0.00,210.62,186.55,0.80,0.13
5.31,3.07,3.08,4.46,12.00,184.70,189.17,-0.48,-0.02
5.37,3.05,3.10,1.12,12.00,178.38,194.40,-0.82,-0.08
5.44,3.10,3.06,3.81,0.00,195.60,182.55,0.81,0.07
5.51,3.25,3.08,4.44,0.00,243.00,186.30,0.70,0.30
5.57,3.21,3.13,1.11,0.00,229.92,204.45,0.80,0.12
5.64,3.07,3.08,3.81,9.19,184.84,186.30,-0.17,-0.01
5.71,3.00,3.08,4.44,12.00,162.00,186.50,-0.80,-0.13
5.77,3.10,3.10,1.12,8.77,193.12,194.40,-0.15,-0.01
5.84,3.34,3.08,3.82,0.00,271.15,188.66,0.68,0.44
5.91,3.50,3.10,4.47,0.00,324.00,194.40,0.65,0.67
5.98,3.50,3.15,1.10,0.00,324.00,211.13,0.66,0.53
6.04,3.21,3.12,3.81,0.00,230.56,200.48,0.78,0.15
6.11,3.11,3.13,4.47,12.00,198.43,202.50,-0.42,-0.02
6.18,3.02,3.16,1.10,12.00,170.10,214.39,-0.74,-0.21
6.24,3.11,3.13,3.80,12.00,198.98,202.50,-0.37,-0.02
6.31,3.42,3.15,0.94,0.00,299.45,210.60,0.68,0.42
6.38,3.60,3.14,3.78,0.00,356.40,206.07,0.65,0.73
6.44,3.60,3.15,4.46,0.00,356.40,210.60,0.65,0.69
6.51,3.31,3.21,1.10,0.00,261.71,229.23,0.79,0.14
6.58,3.17,3.18,3.81,10.00,218.66,220.91,-0.23,-0.01
6.64,3.10,3.20,4.46,12.00,194.40,226.80,-0.79,-0.14
6.71,3.19,3.18,1.10,0.99,222.14,218.70,0.34,0.02
6.78,3.37,3.15,3.80,0.00,280.94,210.60,0.70,0.33
6.85,3.48,3.24,0.85,0.00,315.90,238.28,0.70,0.33
6.91,3.35,3.25,3.82,0.00,275.40,242.96,0.79,0.13
6.98,3.14,3.20,4.45,12.00,207.35,226.80,-0.82,-0.09
7.05,3.15,3.23,1.12,12.00,210.60,237.95,-0.81,-0.11
7.11,3.38,3.18,3.81,0.00,286.51,219.18,0.70,0.31
7.18,3.52,3.23,4.47,0.00,332.02,235.08,0.68,0.41
7.25,3.49,3.28,1.10,0.00,320.45,251.10,0.71,0.28
7.31,3.27,3.27,3.81,4.39,250.97,249.57,0.13,0.01
7.38,3.16,3.23,4.46,12.00,214.52,234.90,-0.82,-0.09
7.45,3.15,3.23,1.10,12.00,212.22,237.85,-0.81,-0.11
7.51,3.28,3.22,3.81,0.00,251.10,232.55,0.82,0.08
7.58,3.55,3.24,4.46,0.00,341.40,241.21,0.68,0.42
7.65,3.55,3.25,1.10,0.00,340.20,243.00,0.68,0.40
7.72,3.32,3.28,3.81,0.00,264.38,251.10,0.76,0.05
7.78,3.23,3.22,4.47,5.85,235.25,234.89,0.03,0.00
7.85,3.18,3.25,1.10,12.00,218.70,243.17,-0.82,-0.10
7.92,3.24,3.25,3.81,12.00,238.78,243.00,-0.37,-0.02
7.98,3.38,3.24,0.85,0.00,283.50,239.55,0.76,0.18
8.05,3.63,3.28,3.83,0.00,364.50,251.10,0.67,0.45
8.12,3.59,3.30,4.46,0.00,352.84,259.20,0.69,0.36
8.18,3.34,3.30,1.12,0.00,273.08,260.58,0.73,0.05
8.25,3.23,3.29,3.82,12.00,234.90,255.52,-0.82,-0.08
8.32,3.13,3.28,4.45,12.00,202.50,251.99,-0.75,-0.20
8.38,3.27,3.27,1.09,7.89,249.66,250.70,-0.09,-0.00
8.45,3.40,3.28,3.81,0.00,290.62,253.29,0.78,0.15
8.52,3.55,3.32,4.46,0.00,340.20,266.48,0.71,0.28
8.59,3.50,3.34,1.10,0.00,325.58,271.30,0.75,0.20
8.65,3.25,3.30,3.81,12.00,242.96,259.20,-0.79,-0.06
8.72,3.20,3.28,4.46,12.00,226.80,254.05,-0.81,-0.11
8.79,3.45,3.35,1.10,0.00,306.95,275.23,0.81,0.12
8.85,3.61,3.30,3.81,0.00,360.22,259.20,0.68,0.39
8.92,3.58,3.32,0.86,0.00,348.30,267.30,0.70,0.30
8.99,3.32,3.35,3.76,12.00,267.30,275.40,-0.56,-0.03
9.05,3.23,3.30,4.43,12.00,234.90,259.20,-0.82,-0.09
9.12,3.31,3.30,1.11,4.09,260.89,259.22,0.14,0.01
9.19,3.43,3.32,3.81,0.00,299.70,266.32,0.80,0.13
9.26,3.46,3.35,4.47,0.00,310.56,275.40,0.80,0.13
9.32,3.40,3.38,1.12,0.00,292.31,283.50,0.58,0.03
9.39,3.25,3.32,3.82,12.00,243.00,265.61,-0.82,-0.09
9.46,3.15,3.32,4.44,12.00,210.60,266.48,-0.74,-0.21
9.52,3.26,3.35,1.10,12.00,246.53,275.40,-0.81,-0.10
9.59,3.56,3.30,3.81,0.00,344.16,259.20,0.70,0.33
9.66,3.70,3.32,4.46,0.00,388.80,267.24,0.67,0.45
9.72,3.77,3.38,1.10,0.00,413.10,283.50,0.67,0.46
9.79,3.63,3.36,3.81,0.00,364.50,279.95,0.71,0.30
9.86,3.45,3.40,0.94,0.00,309.34,290.78,0.80,0.06
9.92,3.28,3.40,3.84,12.00,251.10,291.60,-0.79,-0.14
9.99,3.18,3.35,4.48,12.00,220.81,275.40,-0.75,-0.20
10.06,3.51,3.38,1.10,0.00,328.74,283.50,0.77,0.16
10.13,3.62,3.35,3.81,0.00,363.14,275.34,0.70,0.32
10.19,3.50,3.42,0.94,0.00,324.00,299.58,0.82,0.08
10.26,3.32,3.40,3.85,12.00,267.30,291.60,-0.82,-0.08
10.33,3.27,3.35,4.47,12.00,251.04,275.40,-0.82,-0.09
10.39,3.30,3.40,1.10,12.00,260.17,292.13,-0.81,-0.11
10.46,3.45,3.38,3.81,0.00,307.80,283.50,0.82,0.09
10.53,3.76,3.38,4.47,0.00,409.12,283.94,0.68,0.44
10.59,3.70,3.38,4.61,0.00,387.99,285.19,0.69,0.36
10.66,3.43,3.42,4.65,5.03,300.80,299.66,0.09,0.00
10.73,3.35,3.40,1.16,12.00,275.04,291.60,-0.78,-0.06
10.80,3.33,3.35,3.82,12.00,267.74,275.40,-0.54,-0.03
10.86,3.45,3.37,4.46,0.00,307.80,282.61,0.82,0.09
10.93,3.59,3.44,4.66,0.00,354.09,305.60,0.78,0.16
11.00,3.43,3.40,4.65,0.00,299.70,291.70,0.53,0.03
11.06,3.38,3.45,1.18,12.00,283.50,307.78,-0.82,-0.08
11.13,3.20,3.41,3.83,12.00,226.80,294.80,-0.73,-0.23
11.20,3.32,3.35,4.47,12.00,264.64,275.80,-0.68,-0.04
11.26,3.54,3.43,4.66,0.00,337.93,299.70,0.80,0.13
11.33,3.73,3.38,4.66,0.00,396.90,284.61,0.68,0.39
11.40,3.70,3.45,1.15,0.00,388.80,307.80,0.72,0.26
11.47,3.40,3.43,3.82,12.00,291.60,299.70,-0.53,-0.03
11.53,3.37,3.39,4.47,12.00,283.38,289.07,-0.41,-0.02
11.60,3.55,3.45,4.66,0.00,340.20,307.79,0.81,0.11
11.67,3.68,3.43,4.66,0.00,380.70,299.70,0.72,0.27
11.73,3.53,3.46,1.15,0.00,334.17,311.72,0.81,0.07
11.80,3.38,3.46,3.82,12.00,283.50,311.31,-0.82,-0.09
11.87,3.29,3.43,4.47,12.00,256.53,299.70,-0.79,-0.14
11.93,3.33,3.43,4.61,12.00,268.43,299.70,-0.81,-0.10
12.00,3.53,3.44,4.66,0.00,332.10,305.66,0.82,0.09
12.07,3.80,3.47,1.16,0.00,421.20,312.80,0.69,0.35
12.13,3.72,3.44,3.82,0.00,396.88,304.44,0.70,0.30
12.20,3.45,3.45,0.86,6.33,307.86,307.80,0.00,0.00
12.27,3.35,3.45,3.76,12.00,275.40,307.80,-0.81,-0.11
12.34,3.42,3.43,4.45,9.59,297.16,299.85,-0.20,-0.01
12.40,3.56,3.45,1.09,0.00,344.82,307.80,0.80,0.12
12.47,3.68,3.46,3.81,0.00,380.70,310.98,0.74,0.22
12.54,3.63,3.45,4.46,0.00,364.60,308.30,0.76,0.18
12.60,3.50,3.45,4.61,0.00,323.91,307.80,0.76,0.05
12.67,3.33,3.48,4.64,12.00,269.85,315.90,-0.78,-0.15
12.74,3.25,3.46,1.15,12.00,243.00,312.31,-0.74,-0.22
12.80,3.28,3.42,3.82,12.00,251.10,299.49,-0.77,-0.16
12.87,3.48,3.45,0.94,0.00,317.92,307.80,0.60,0.03
12.94,3.67,3.43,3.78,0.00,380.69,299.70,0.72,0.27
13.01,3.70,3.45,4.45,0.00,388.80,309.00,0.72,0.26
13.07,3.54,3.50,1.09,0.00,337.64,324.00,0.69,0.04
13.14,3.35,3.43,3.81,12.00,275.40,302.00,-0.82,-0.09
13.21,3.29,3.45,4.46,12.00,254.59,307.78,-0.77,-0.17
13.27,3.52,3.42,4.61,0.00,332.08,299.10,0.81,0.11
13.34,3.63,3.43,4.66,0.00,364.79,301.36,0.74,0.21
13.41,3.55,3.51,1.15,0.00,340.20,327.44,0.67,0.04
13.47,3.40,3.48,3.82,12.00,291.75,317.10,-0.82,-0.08
13.54,3.31,3.43,4.47,12.00,262.89,299.70,-0.80,-0.12
13.61,3.35,3.43,4.60,12.00,275.40,299.70,-0.82,-0.08
13.68,3.50,3.45,4.65,0.00,324.00,306.62,0.78,0.06
13.74,3.78,3.48,1.17,0.00,413.55,315.90,0.70,0.31
13.81,3.74,3.48,3.83,0.00,402.76,315.90,0.71,0.27
13.88,3.50,3.46,4.47,0.00,324.00,310.17,0.71,0.04
13.94,3.38,3.51,1.10,12.00,283.50,326.90,-0.80,-0.13
14.01,3.30,3.48,3.82,12.00,259.20,315.90,-0.76,-0.18
14.08,3.56,3.48,0.92,0.00,343.84,316.38,0.82,0.09
14.14,3.65,3.48,3.77,0.00,372.60,318.61,0.77,0.17
14.21,3.48,3.49,4.46,10.35,318.42,322.03,-0.25,-0.01
14.28,3.38,3.48,4.60,12.00,286.25,315.90,-0.82,-0.09
14.35,3.38,3.44,4.66,12.00,283.50,304.71,-0.81,-0.07
14.41,3.56,3.50,1.16,0.00,343.44,323.98,0.79,0.06
14.48,3.75,3.45,3.83,0.00,405.00,307.79,0.70,0.32
14.55,3.72,3.48,4.47,0.00,396.84,316.07,0.72,0.26
14.61,3.58,3.50,4.66,0.00,349.40,324.00,0.82,0.08
14.68,3.35,3.50,4.66,12.00,275.45,322.61,-0.78,-0.15
14.75,3.31,3.50,1.16,12.00,263.25,324.00,-0.76,-0.19
14.81,3.54,3.45,3.82,0.00,338.39,307.80,0.82,0.10
14.88,3.68,3.48,4.46,0.00,382.09,318.44,0.75,0.20
14.95,3.48,3.50,4.60,12.00,316.92,324.00,-0.45,-0.02
15.02,3.42,3.46,4.65,12.00,298.25,309.86,-0.65,-0.04
15.08,3.60,3.50,1.16,0.00,356.40,324.00,0.82,0.10
15.15,3.75,3.49,3.82,0.00,405.00,321.42,0.72,0.26
15.22,3.67,3.54,4.47,0.00,380.12,337.57,0.80,0.13
15.28,3.47,3.55,1.10,12.00,315.86,340.20,-0.81,-0.07
15.35,3.35,3.49,3.81,12.00,275.40,320.84,-0.79,-0.14
15.42,3.63,3.53,0.92,0.00,364.50,332.10,0.82,0.10
15.48,3.70,3.53,3.78,0.00,387.94,332.10,0.77,0.17
15.55,3.54,3.52,4.45,2.07,336.15,332.04,0.27,0.01
15.62,3.45,3.56,1.09,12.00,307.80,344.82,-0.81,-0.11
15.68,3.32,3.51,3.81,12.00,267.30,326.11,-0.76,-0.18
15.75,3.50,3.50,0.92,6.40,324.00,324.00,0.00,0.00
15.82,3.60,3.55,3.84,0.00,356.40,339.27,0.75,0.05
15.89,3.75,3.50,4.46,0.00,406.51,324.00,0.72,0.25
15.95,3.71,3.54,1.12,0.00,392.70,335.96,0.77,0.17
16.02,3.43,3.52,3.81,12.00,299.77,331.81,-0.82,-0.10
16.09,3.35,3.52,4.46,12.00,275.40,331.89,-0.77,-0.17
16.15,3.56,3.50,4.61,0.00,343.44,324.00,0.79,0.06
16.22,3.70,3.50,4.64,0.00,388.80,324.00,0.75,0.20
16.29,3.65,3.56,1.17,0.00,372.60,344.55,0.82,0.08
16.35,3.43,3.55,3.82,12.00,299.70,340.20,-0.81,-0.12
16.42,3.35,3.50,4.47,12.00,275.12,324.00,-0.78,-0.15
16.49,3.35,3.50,4.66,12.00,275.30,324.00,-0.78,-0.15
16.56,3.51,3.50,4.68,1.36,328.58,323.86,0.31,0.01
16.62,3.82,3.55,1.16,0.00,426.81,340.20,0.72,0.25
16.69,3.77,3.50,3.82,0.00,413.10,325.28,0.72,0.27
16.76,3.62,3.52,4.47,0.00,364.49,331.74,0.82,0.10
16.82,3.38,3.55,4.60,12.00,283.50,340.18,-0.77,-0.17
16.89,3.32,3.49,4.65,12.00,264.27,319.24,-0.77,-0.17
16.96,3.60,3.50,4.69,0.00,356.26,324.50,0.82,0.10
17.02,3.66,3.52,4.66,0.00,376.97,329.99,0.79,0.14
17.09,3.53,3.58,1.17,12.00,332.10,348.30,-0.72,-0.05
17.16,3.42,3.50,3.82,12.00,299.26,324.00,-0.82,-0.08
17.23,3.60,3.49,4.47,0.00,356.40,319.22,0.81,0.12
17.29,3.77,3.58,1.11,0.00,413.10,348.30,0.76,0.19
17.36,3.65,3.55,3.81,0.00,371.68,340.20,0.82,0.09
17.43,3.51,3.55,0.86,12.00,326.78,340.20,-0.67,-0.04
17.49,3.38,3.52,3.76,12.00,283.50,331.54,-0.79,-0.14
17.56,3.39,3.53,4.45,12.00,287.98,332.10,-0.79,-0.13
17.63,3.56,3.50,4.60,0.00,342.16,324.00,0.77,0.06
17.69,3.82,3.54,4.64,0.00,429.30,335.47,0.71,0.28
17.76,3.77,3.58,1.17,0.00,413.10,348.30,0.76,0.19
17.83,3.48,3.55,3.82,12.00,317.41,340.20,-0.80,-0.07
17.90,3.38,3.51,4.46,12.00,283.50,328.29,-0.79,-0.14
17.96,3.53,3.55,4.61,12.00,332.10,339.80,-0.46,-0.02
18.03,3.73,3.53,4.66,0.00,396.90,334.32,0.76,0.19
18.10,3.86,3.59,1.16,0.00,439.44,352.98,0.73,0.24
18.16,3.90,3.54,3.82,0.00,453.60,335.90,0.69,0.35
18.23,3.74,3.59,0.86,0.00,401.12,352.45,0.79,0.14
18.30,3.46,3.58,3.76,12.00,309.78,348.30,-0.81,-0.11
18.36,3.38,3.56,4.45,12.00,283.50,342.78,-0.77,-0.17
18.43,3.52,3.55,4.61,12.00,328.97,341.05,-0.63,-0.04
18.50,3.73,3.58,4.65,0.00,397.64,351.47,0.80,0.13
18.57,3.85,3.60,1.15,0.00,437.40,356.40,0.73,0.23
18.63,3.65,3.58,3.82,0.00,372.60,349.43,0.80,0.07
18.70,3.50,3.60,4.47,12.00,324.00,355.85,-0.82,-0.09
18.77,3.32,3.58,4.60,12.00,267.30,348.30,-0.73,-0.23
18.83,3.42,3.55,4.66,12.00,298.58,340.20,-0.80,-0.12
18.90,3.65,3.58,4.69,0.00,372.60,348.30,0.81,0.07
18.97,3.82,3.60,4.66,0.00,429.30,355.05,0.74,0.21
19.03,3.80,3.63,1.09,0.00,421.19,364.50,0.78,0.16
19.10,3.50,3.58,3.80,12.00,324.00,350.30,-0.81,-0.08
19.17,3.43,3.57,4.47,12.00,299.70,347.96,-0.79,-0.14
19.24,3.64,3.60,4.66,0.00,368.07,356.40,0.60,0.03
19.30,3.77,3.58,4.65,0.00,413.08,348.30,0.76,0.19
19.37,3.63,3.60,1.09,0.00,364.50,356.30,0.47,0.02
19.44,3.48,3.58,3.80,12.00,315.90,349.72,-0.82,-0.10
19.50,3.36,3.58,4.46,12.00,279.26,348.30,-0.75,-0.20
19.57,3.41,3.58,1.10,12.00,294.17,350.00,-0.77,-0.16
19.64,3.57,3.55,3.83,0.00,348.28,338.73,0.54,0.03
19.70,3.85,3.61,0.95,0.00,437.40,358.28,0.74,0.22
19.77,3.77,3.58,3.78,0.00,412.19,348.30,0.76,0.18
19.84,3.50,3.59,4.46,12.00,324.00,352.39,-0.82,-0.08
19.91,3.40,3.60,4.66,12.00,291.60,356.40,-0.76,-0.18
19.97,3.57,3.58,4.67,7.72,347.98,349.26,-0.08,-0.00
20.04,3.80,3.59,1.16,0.00,421.20,351.58,0.75,0.20
20.11,3.78,3.58,3.82,0.00,414.97,348.32,0.75,0.19
20.17,3.58,3.61,0.86,12.00,348.62,360.67,-0.61,-0.03
20.24,3.43,3.60,3.76,12.00,301.05,356.40,-0.78,-0.16
20.31,3.45,3.57,4.45,12.00,308.99,347.87,-0.81,-0.11
20.37,3.63,3.60,4.60,0.00,364.50,356.11,0.48,0.02
20.44,3.82,3.58,4.64,0.00,426.20,348.30,0.74,0.22
20.51,3.82,3.63,1.15,0.00,428.23,364.50,0.76,0.17
20.58,3.62,3.61,3.82,3.17,363.67,360.39,0.20,0.01
20.64,3.43,3.60,4.47,12.00,299.70,356.39,-0.78,-0.16
20.71,3.41,3.55,4.61,12.00,293.75,340.36,-0.79,-0.14
20.78,3.67,3.53,4.66,0.00,378.88,334.67,0.80,0.13
20.84,3.77,3.63,4.69,0.00,413.07,364.50,0.79,0.13
20.91,3.59,3.61,4.67,12.00,352.38,359.71,-0.42,-0.02
20.98,3.52,3.63,1.16,12.00,329.35,364.50,-0.82,-0.10
21.04,3.65,3.59,3.83,0.00,372.60,352.60,0.78,0.06
21.11,3.80,3.62,4.47,0.00,421.20,364.43,0.78,0.16
21.18,3.74,3.63,4.60,0.00,400.38,364.50,0.82,0.10
21.25,3.51,3.58,4.64,12.00,328.71,348.38,-0.77,-0.06
21.31,3.40,3.61,1.15,12.00,291.65,361.24,-0.75,-0.19
21.38,3.63,3.58,3.82,0.00,364.50,348.30,0.72,0.05
21.45,3.77,3.58,4.47,0.00,413.10,348.80,0.76,0.18
21.51,3.59,3.60,4.61,11.00,352.63,357.35,-0.29,-0.01
21.58,3.48,3.63,4.66,12.00,315.90,364.50,-0.79,-0.13
21.65,3.67,3.63,1.16,0.00,380.64,364.50,0.71,0.04
21.71,3.77,3.58,3.83,0.00,410.29,350.86,0.77,0.17
21.78,3.65,3.63,4.47,0.00,372.60,365.16,0.42,0.02
21.85,3.47,3.63,4.61,12.00,315.31,364.50,-0.79,-0.13
21.92,3.38,3.60,4.66,12.00,285.32,356.40,-0.75,-0.20
21.98,3.40,3.58,4.69,12.00,291.60,348.64,-0.77,-0.16
22.05,3.55,3.58,4.67,12.00,341.78,348.30,-0.39,-0.02
22.12,3.85,3.63,1.16,0.00,437.40,364.50,0.75,0.20
22.18,3.93,3.58,3.82,0.00,461.70,348.30,0.70,0.33
22.25,3.80,3.63,0.86,0.00,421.20,364.50,0.78,0.16
22.32,3.55,3.63,3.76,12.00,340.20,365.10,-0.81,-0.07
22.38,3.43,3.60,4.45,12.00,299.73,356.40,-0.78,-0.16
22.45,3.45,3.62,4.65,12.00,307.65,363.28,-0.78,-0.15
22.52,3.63,3.59,4.66,0.00,364.83,353.87,0.58,0.03
22.59,3.89,3.63,1.15,0.00,449.79,365.95,0.73,0.23
22.65,3.82,3.60,3.82,0.00,427.31,356.40,0.75,0.20
22.72,3.56,3.63,4.46,12.00,343.95,364.56,-0.77,-0.06
22.79,3.43,3.63,4.61,12.00,299.70,364.50,-0.76,-0.18
22.85,3.54,3.58,4.66,12.00,337.88,348.30,-0.57,-0.03
22.92,3.81,3.61,1.15,0.00,423.09,359.97,0.76,0.18
22.99,3.88,3.63,3.82,0.00,448.60,364.82,0.73,0.23
23.05,3.72,3.67,0.86,0.00,394.56,380.69,0.64,0.04
23.12,3.53,3.63,3.76,12.00,332.10,364.50,-0.82,-0.09
23.19,3.35,3.60,4.45,12.00,275.40,356.40,-0.73,-0.23
23.26,3.43,3.62,4.65,12.00,299.70,364.18,-0.76,-0.18
23.32,3.58,3.61,4.67,12.00,348.37,358.54,-0.55,-0.03
23.39,3.87,3.62,1.16,0.00,445.33,363.69,0.74,0.22
23.46,3.93,3.63,3.82,0.00,461.70,364.67,0.72,0.27
23.52,3.98,3.67,0.86,0.00,477.90,380.69,0.72,0.26
23.59,3.79,3.68,3.76,0.00,417.85,380.70,0.82,0.10
23.66,3.53,3.65,4.46,12.00,332.10,372.57,-0.81,-0.11
23.72,3.40,3.70,1.10,12.00,292.41,388.78,-0.72,-0.25
23.79,3.48,3.63,3.82,12.00,315.90,364.50,-0.79,-0.13
23.86,3.81,3.65,0.92,0.00,425.76,372.60,0.79,0.14
23.93,3.90,3.65,3.78,0.00,453.60,373.61,0.74,0.21
23.99,3.70,3.68,0.93,0.00,388.80,380.70,0.44,0.02
24.06,3.53,3.63,3.78,12.00,333.81,365.70,-0.82,-0.09
24.13,3.41,3.63,4.46,12.00,296.25,364.50,-0.76,-0.19
24.19,3.47,3.65,4.65,12.00,315.81,373.23,-0.78,-0.15
24.26,3.65,3.63,4.67,0.00,372.60,364.50,0.45,0.02
24.33,3.92,3.65,1.17,0.00,460.46,372.60,0.73,0.24
24.39,3.82,3.64,3.82,0.00,429.30,370.14,0.77,0.16
24.46,3.53,3.64,4.47,12.00,332.10,368.63,-0.82,-0.10
24.53,3.42,3.63,4.61,12.00,299.64,364.50,-0.76,-0.18
24.60,3.63,3.58,4.65,0.00,365.66,348.43,0.74,0.05
24.66,3.80,3.68,1.15,0.00,421.20,381.32,0.81,0.10
24.73,3.66,3.65,3.82,2.98,376.19,372.60,0.21,0.01
24.80,3.50,3.63,4.47,12.00,324.00,364.50,-0.81,-0.11
24.86,3.43,3.60,4.61,12.00,299.70,355.20,-0.78,-0.16
24.93,3.51,3.60,4.66,12.00,328.52,356.27,-0.82,-0.08
25.00,3.70,3.63,1.16,0.00,388.80,364.50,0.80,0.07
25.06,3.90,3.63,3.82,0.00,453.84,364.50,0.73,0.25
25.13,3.83,3.63,4.47,0.00,430.63,365.05,0.76,0.18
25.20,3.61,3.65,4.60,12.00,360.98,372.60,-0.58,-0.03
25.27,3.44,3.63,4.65,12.00,306.17,364.50,-0.77,-0.16
25.33,3.53,3.62,4.69,12.00,332.10,361.39,-0.82,-0.08
25.40,3.77,3.63,4.65,0.00,413.10,364.58,0.79,0.13
25.47,3.93,3.65,1.15,0.00,461.70,372.60,0.73,0.24
25.53,3.65,3.68,3.82,12.00,372.93,381.77,-0.47,-0.02
25.60,3.58,3.61,4.47,12.00,350.39,360.61,-0.55,-0.03
25.67,3.68,3.65,4.60,0.00,383.93,372.60,0.57,0.03
25.73,3.83,3.65,4.63,0.00,431.87,372.60,0.78,0.16
25.80,3.80,3.69,1.15,0.00,421.20,385.56,0.82,0.09
25.87,3.51,3.65,3.82,12.00,328.81,373.38,-0.81,-0.12
25.94,3.43,3.65,4.47,12.00,299.70,372.63,-0.75,-0.20
26.00,3.42,3.63,4.61,12.00,298.34,364.50,-0.76,-0.18
26.07,3.61,3.62,4.65,9.03,360.86,363.53,-0.16,-0.01
26.14,3.88,3.70,1.15,0.00,445.50,388.80,0.78,0.15
26.20,3.90,3.64,3.81,0.00,453.60,370.10,0.73,0.23
26.27,3.77,3.69,0.86,0.00,413.10,386.91,0.80,0.07
26.34,3.55,3.66,3.76,12.00,340.20,375.45,-0.82,-0.09
26.40,3.43,3.65,4.45,12.00,301.83,372.53,-0.75,-0.19
26.47,3.48,3.65,1.10,12.00,315.90,372.60,-0.78,-0.15
26.54,3.63,3.61,3.82,1.97,364.50,359.94,0.28,0.01
26.61,3.88,3.70,0.95,0.00,445.50,387.96,0.78,0.15
26.67,3.82,3.64,3.78,0.00,429.30,370.25,0.77,0.16
26.74,3.63,3.63,4.45,6.40,364.50,364.50,0.00,0.00
26.81,3.50,3.68,1.12,12.00,324.00,383.15,-0.78,-0.15
26.87,3.49,3.63,3.81,12.00,320.58,364.50,-0.80,-0.12
26.94,3.65,3.60,4.47,0.00,372.60,356.46,0.72,0.05
27.01,3.77,3.65,4.66,0.00,413.10,373.30,0.81,0.11
27.07,3.58,3.63,4.66,12.00,348.82,364.50,-0.70,-0.04
27.14,3.52,3.65,1.18,12.00,330.33,372.60,-0.81,-0.11
27.21,3.70,3.60,3.83,0.00,388.79,356.40,0.82,0.09
27.28,3.82,3.63,4.47,0.00,429.23,365.03,0.76,0.18
27.34,3.63,3.68,4.61,12.00,366.96,380.70,-0.64,-0.04
27.41,3.51,3.63,4.66,12.00,327.70,364.50,-0.82,-0.10
27.48,3.65,3.67,1.16,12.00,372.60,380.64,-0.44,-0.02
27.54,3.82,3.66,3.83,0.00,429.30,375.93,0.79,0.14
27.61,3.90,3.68,4.47,0.00,454.27,380.70,0.75,0.19
27.68,3.69,3.68,4.61,1.29,386.33,380.70,0.32,0.01
27.74,3.56,3.63,4.65,12.00,344.37,366.18,-0.78,-0.06
27.81,3.45,3.70,1.15,12.00,307.80,388.80,-0.74,-0.21
27.88,3.49,3.63,3.82,12.00,320.63,364.50,-0.80,-0.12
27.95,3.75,3.65,0.94,0.00,404.97,372.60,0.82,0.09
28.01,3.90,3.65,3.78,0.00,453.60,372.60,0.74,0.22
28.08,3.82,3.65,4.45,0.00,429.30,372.60,0.78,0.15
28.15,3.55,3.70,1.10,12.00,340.20,388.80,-0.80,-0.12
28.21,3.48,3.64,3.81,12.00,318.73,370.08,-0.79,-0.14
28.28,3.68,3.65,0.92,0.00,382.20,372.81,0.50,0.03
28.35,3.77,3.65,3.78,0.00,413.10,372.60,0.81,0.11
28.41,3.63,3.65,4.46,12.00,364.50,372.60,-0.45,-0.02
28.48,3.53,3.67,4.65,12.00,332.10,380.31,-0.80,-0.13
28.55,3.65,3.66,4.67,8.64,372.60,374.94,-0.14,-0.01
28.61,3.86,3.65,1.18,0.00,439.48,372.67,0.76,0.18
28.68,3.90,3.67,3.83,0.00,453.51,377.67,0.75,0.20
28.75,3.81,3.70,4.46,0.00,425.88,387.68,0.82,0.10
28.82,3.66,3.73,1.10,12.00,376.98,398.63,-0.77,-0.05
28.88,3.45,3.68,3.81,12.00,307.80,381.48,-0.75,-0.19
28.95,3.58,3.67,0.92,12.00,348.30,380.69,-0.82,-0.09
29.02,3.77,3.65,3.77,0.00,413.10,372.81,0.81,0.11
29.08,3.90,3.68,4.45,0.00,453.72,380.70,0.75,0.19
29.15,3.68,3.68,4.65,5.39,381.77,380.70,0.06,0.00
29.22,3.56,3.69,4.66,12.00,342.42,385.51,-0.81,-0.11
29.28,3.58,3.68,1.15,12.00,351.25,382.81,-0.82,-0.08
29.35,3.65,3.63,3.82,0.00,372.41,364.50,0.45,0.02
29.42,3.85,3.68,4.46,0.00,437.40,382.52,0.79,0.14
29.49,3.82,3.72,4.66,0.00,429.30,395.21,0.82,0.09
29.55,3.64,3.67,4.66,12.00,370.19,378.56,-0.45,-0.02
29.62,3.51,3.70,1.17,12.00,328.37,388.80,-0.78,-0.16
29.69,3.54,3.63,3.82,12.00,336.13,366.42,-0.82,-0.08
29.75,3.77,3.68,4.47,0.00,413.10,380.70,0.82,0.09
29.82,3.90,3.70,4.66,0.00,453.60,388.90,0.77,0.17
29.89,3.95,3.68,4.67,0.00,468.31,380.70,0.73,0.23
29.95,3.81,3.72,1.16,0.00,424.59,395.94,0.81,0.07
30.02,3.50,3.68,3.82,12.00,324.59,381.32,-0.78,-0.15
30.09,3.45,3.64,4.46,12.00,307.80,369.10,-0.77,-0.17
30.16,3.60,3.64,4.61,12.00,356.40,369.96,-0.64,-0.04
30.22,3.77,3.67,4.65,0.00,413.10,380.69,0.82,0.09
30.29,3.88,3.73,1.15,0.00,446.63,396.90,0.80,0.13
30.36,3.70,3.70,3.82,6.40,388.80,388.80,0.00,0.00
30.42,3.58,3.69,4.44,12.00,348.30,385.70,-0.82,-0.10
30.49,3.47,3.68,1.12,12.00,315.85,380.70,-0.77,-0.17
30.56,3.58,3.64,3.81,12.00,350.75,368.32,-0.73,-0.05
30.62,3.86,3.66,4.46,0.00,439.77,377.33,0.77,0.17
30.69,3.95,3.70,4.60,0.00,469.80,388.80,0.74,0.21
30.76,3.69,3.70,4.65,9.37,385.56,388.80,-0.19,-0.01
30.83,3.60,3.69,1.16,12.00,357.03,384.18,-0.81,-0.07
30.89,3.70,3.66,3.83,0.00,388.80,377.02,0.58,0.03
30.96,3.77,3.68,4.46,0.00,413.10,382.37,0.82,0.08
31.03,3.65,3.73,1.10,12.00,372.83,396.90,-0.79,-0.06
31.09,3.54,3.68,3.81,12.00,337.90,382.04,-0.81,-0.12
31.16,3.74,3.68,0.85,0.00,401.01,383.37,0.72,0.05
31.23,3.82,3.69,3.76,0.00,429.30,386.13,0.81,0.11
31.29,3.67,3.70,4.45,12.00,377.89,388.80,-0.54,-0.03
31.36,3.58,3.74,1.10,12.00,348.30,401.62,-0.80,-0.13
31.43,3.70,3.65,3.81,0.00,388.80,372.60,0.70,0.04
31.49,3.83,3.70,4.47,0.00,432.40,388.59,0.81,0.11
31.56,3.65,3.72,4.66,12.00,372.60,395.95,-0.78,-0.06
31.63,3.53,3.69,4.66,12.00,332.10,386.04,-0.79,-0.14
31.70,3.71,3.70,1.16,4.43,390.93,388.80,0.12,0.01
31.76,3.87,3.68,3.82,0.00,443.11,380.70,0.77,0.16
31.83,3.81,3.70,4.47,0.00,423.99,387.66,0.82,0.09
31.90,3.67,3.73,1.10,12.00,378.04,397.06,-0.73,-0.05
31.96,3.53,3.70,3.81,12.00,332.10,388.80,-0.78,-0.15
32.03,3.57,3.70,0.92,12.00,345.34,388.80,-0.81,-0.11
32.10,3.70,3.68,3.78,0.00,388.80,380.70,0.44,0.02
32.16,3.91,3.68,4.46,0.00,455.77,380.76,0.75,0.20
32.23,3.83,3.70,4.61,0.00,431.30,388.80,0.81,0.11
32.30,3.57,3.69,4.65,12.00,345.60,385.43,-0.82,-0.10
32.37,3.48,3.72,1.15,12.00,316.34,396.78,-0.75,-0.20
32.43,3.70,3.65,3.81,0.00,387.60,372.60,0.68,0.04
32.50,3.83,3.68,4.46,0.00,429.59,380.70,0.80,0.13
32.57,3.64,3.70,4.60,12.00,368.54,388.06,-0.75,-0.05
32.63,3.55,3.70,4.66,12.00,340.20,388.80,-0.80,-0.12
32.70,3.57,3.68,1.15,12.00,347.89,380.70,-0.82,-0.09
32.77,3.70,3.63,3.82,0.00,388.80,364.50,0.80,0.07
32.83,3.88,3.70,4.47,0.00,445.50,388.55,0.78,0.15
32.90,3.85,3.69,4.60,0.00,435.98,384.18,0.79,0.13
32.97,3.62,3.68,4.65,12.00,361.59,380.70,-0.75,-0.05
33.04,3.55,3.70,1.15,12.00,340.20,388.78,-0.80,-0.12
33.10,3.58,3.67,3.82,12.00,348.30,380.68,-0.82,-0.09
33.17,3.83,3.68,4.47,0.00,431.47,380.70,0.79,0.13
33.24,3.92,3.70,4.61,0.00,461.69,388.80,0.76,0.19
33.30,3.93,3.72,4.66,0.00,464.42,394.82,0.76,0.18
33.37,3.81,3.75,1.15,0.00,425.63,405.16,0.75,0.05
33.44,3.54,3.70,3.82,12.00,336.68,388.80,-0.79,-0.13
33.50,3.45,3.70,0.86,12.00,307.80,388.80,-0.74,-0.21
33.57,3.68,3.65,3.76,0.08,380.70,373.67,0.40,0.02
33.64,3.79,3.67,4.45,0.00,418.89,377.70,0.81,0.11
33.71,3.66,3.72,1.10,12.00,374.78,395.37,-0.76,-0.05
33.77,3.55,3.68,3.81,12.00,340.20,383.74,-0.81,-0.11
33.84,3.74,3.70,0.92,0.00,400.86,388.85,0.58,0.03
33.91,3.86,3.70,3.78,0.00,440.80,388.18,0.79,0.14
33.97,3.69,3.68,4.46,1.43,386.16,380.70,0.31,0.01
34.04,3.58,3.75,1.10,12.00,348.30,404.87,-0.79,-0.14
34.11,3.43,3.65,3.81,12.00,300.14,372.60,-0.75,-0.19
34.17,3.55,3.68,0.92,12.00,340.09,380.70,-0.81,-0.11
34.24,3.68,3.65,3.77,0.00,381.10,372.59,0.46,0.02
34.31,3.90,3.65,4.45,0.00,453.60,372.88,0.74,0.22
34.38,3.85,3.68,4.60,0.00,437.40,380.89,0.78,0.15
34.44,3.58,3.66,4.65,12.00,350.24,374.63,-0.80,-0.07
34.51,3.50,3.68,1.16,12.00,324.00,382.84,-0.78,-0.15
34.58,3.68,3.64,3.82,0.00,380.70,369.80,0.56,0.03
34.64,3.81,3.65,4.47,0.00,423.77,372.60,0.79,0.14
34.71,3.63,3.65,4.60,12.00,364.50,373.58,-0.49,-0.02
34.78,3.53,3.65,4.65,12.00,332.10,372.60,-0.81,-0.11
34.84,3.73,3.66,1.16,0.00,399.97,374.74,0.80,0.07
34.91,3.82,3.66,3.82,0.00,429.28,375.82,0.79,0.14
34.98,3.63,3.68,4.46,12.00,364.50,380.70,-0.70,-0.04
35.05,3.53,3.67,4.61,12.00,332.10,380.68,-0.80,-0.13
35.11,3.66,3.63,4.66,0.00,376.18,366.33,0.53,0.03
35.18,3.86,3.68,1.15,0.00,439.84,382.47,0.78,0.15
35.25,3.66,3.69,3.82,12.00,374.31,384.51,-0.52,-0.03
35.31,3.53,3.65,0.86,12.00,332.10,372.60,-0.81,-0.11
35.38,3.69,3.68,3.75,2.69,384.70,380.70,0.23,0.01
35.45,3.84,3.65,4.45,0.00,435.22,374.06,0.77,0.16
35.51,3.80,3.73,1.10,0.00,421.20,396.90,0.79,0.06
35.58,3.62,3.68,3.81,12.00,364.49,380.87,-0.70,-0.04
35.65,3.55,3.63,4.47,12.00,340.20,364.50,-0.80,-0.07
35.71,3.48,3.65,4.60,12.00,317.04,372.19,-0.78,-0.15
35.78,3.66,3.68,4.65,9.69,377.18,380.70,-0.21,-0.01
35.85,3.89,3.70,1.15,0.00,451.95,388.80,0.77,0.16
35.92,3.95,3.70,3.83,0.00,469.89,388.80,0.74,0.21
35.98,3.90,3.73,4.47,0.00,453.60,396.90,0.79,0.14
36.05,3.73,3.72,4.60,3.02,400.08,396.30,0.21,0.01
36.12,3.53,3.70,4.66,12.00,332.10,387.79,-0.79,-0.14
36.18,3.46,3.70,1.16,12.00,309.58,388.80,-0.75,-0.20
36.25,3.65,3.65,3.83,6.40,372.60,372.60,0.00,0.00
36.32,3.83,3.66,4.47,0.00,431.19,377.14,0.79,0.14
36.38,3.83,3.72,4.66,0.00,432.41,395.67,0.82,0.09
36.45,3.70,3.72,4.66,12.00,388.80,396.81,-0.42,-0.02
36.52,3.63,3.71,1.17,12.00,365.28,391.71,-0.80,-0.07
36.59,3.59,3.68,3.82,12.00,354.03,380.70,-0.81,-0.07
36.65,3.70,3.68,4.47,0.00,388.80,380.70,0.44,0.02
36.72,3.99,3.73,1.10,0.00,482.19,396.90,0.74,0.21
36.79,3.87,3.73,3.81,0.00,445.01,396.90,0.80,0.12
36.85,3.60,3.70,4.47,12.00,356.35,388.80,-0.82,-0.08
36.92,3.48,3.72,4.61,12.00,318.37,396.18,-0.75,-0.20
36.99,3.69,3.70,4.65,8.18,386.88,388.80,-0.11,-0.00
37.05,3.85,3.70,1.15,0.00,437.40,388.93,0.80,0.12
37.12,3.89,3.70,3.81,0.00,449.37,388.56,0.78,0.16
37.19,3.80,3.75,4.47,0.00,421.20,405.00,0.68,0.04
37.26,3.59,3.73,4.60,12.00,352.01,396.90,-0.81,-0.11
37.32,3.48,3.71,4.65,12.00,315.90,393.56,-0.75,-0.20
37.39,3.58,3.70,1.15,12.00,349.27,388.80,-0.82,-0.10
37.46,3.78,3.72,3.82,0.00,416.16,396.88,0.74,0.05
37.52,3.90,3.71,4.47,0.00,453.59,390.93,0.77,0.16
37.59,3.93,3.70,4.60,0.00,461.70,388.80,0.76,0.19
37.66,3.75,3.75,4.66,5.63,405.70,404.83,0.05,0.00
37.72,3.56,3.73,1.16,12.00,343.76,397.52,-0.79,-0.14
37.79,3.49,3.70,3.82,12.00,319.46,388.80,-0.76,-0.18
37.86,3.77,3.72,0.92,0.00,413.10,395.80,0.71,0.04
37.93,3.88,3.70,3.77,0.00,445.50,388.29,0.78,0.15
37.99,3.68,3.71,4.45,12.00,383.80,393.31,-0.49,-0.02
38.06,3.55,3.73,4.65,12.00,339.24,396.90,-0.79,-0.15
38.13,3.70,3.70,4.67,6.29,388.80,388.68,0.01,0.00
38.19,3.89,3.75,1.16,0.00,449.40,405.00,0.81,0.11
38.26,3.87,3.71,3.82,0.00,444.72,392.81,0.80,0.13
38.33,3.73,3.73,4.46,8.70,397.21,399.77,-0.14,-0.01
38.39,3.58,3.75,4.66,12.00,348.30,405.00,-0.79,-0.14
38.46,3.53,3.73,4.67,12.00,333.51,396.90,-0.77,-0.16
38.53,3.72,3.75,1.16,12.00,396.82,405.00,-0.42,-0.02
38.60,3.90,3.72,3.82,0.00,453.60,396.55,0.79,0.14
38.66,4.00,3.76,0.95,0.00,486.00,408.99,0.76,0.19
38.73,3.98,3.75,3.78,0.00,477.90,405.00,0.76,0.18
38.80,3.80,3.77,4.46,0.00,421.20,412.75,0.42,0.02
38.86,3.62,3.78,1.10,12.00,361.52,413.21,-0.80,-0.13
38.93,3.49,3.73,3.81,12.00,319.27,396.90,-0.75,-0.20
39.00,3.69,3.75,0.92,12.00,385.41,405.00,-0.74,-0.05
39.06,3.83,3.74,3.78,0.00,431.35,401.62,0.81,0.07
39.13,3.95,3.76,4.45,0.00,469.80,407.20,0.78,0.15
39.20,3.95,3.77,1.10,0.00,469.80,413.10,0.79,0.14
39.27,3.77,3.75,3.81,0.00,413.08,405.06,0.41,0.02
39.33,3.58,3.74,4.47,12.00,348.34,400.17,-0.80,-0.13
39.40,3.44,3.75,4.60,12.00,303.64,405.00,-0.72,-0.25
39.47,3.42,3.70,4.66,12.00,298.62,388.80,-0.73,-0.23
39.53,3.63,3.70,4.65,12.00,364.50,387.78,-0.79,-0.06
39.60,3.88,3.70,4.66,0.00,445.50,388.80,0.78,0.15
39.67,3.97,3.75,1.16,0.00,474.81,405.06,0.77,0.17
39.73,3.74,3.75,3.81,10.55,400.22,405.00,-0.26,-0.01
39.80,3.64,3.75,0.86,12.00,369.29,403.65,-0.82,-0.09
39.87,3.75,3.72,3.76,0.00,405.00,396.70,0.43,0.02
39.94,3.82,3.73,4.45,0.00,429.30,396.90,0.82,0.08
40.00,3.70,3.76,1.09,3.77,388.62,408.36,-0.74,-0.05
40.07,3.57,3.73,3.81,4.82,347.52,396.90,-0.80,-0.12
40.14,3.52,3.73,4.46,4.27,329.16,396.90,-0.77,-0.17
40.20,3.49,3.69,4.66,4.33,321.72,385.44,-0.77,-0.17
40.27,3.49,3.66,4.67,4.60,321.23,374.56,-0.79,-0.14
40.34,3.55,3.68,1.16,5.04,340.81,380.70,-0.81,-0.10
40.40,3.56,3.63,3.82,4.63,342.26,364.50,-0.79,-0.06
40.47,3.61,3.58,4.47,0.00,358.26,348.32,0.55,0.03
40.54,3.58,3.63,4.66,3.37,348.30,364.50,-0.71,-0.04
40.60,3.43,3.58,4.66,4.64,299.70,348.30,-0.79,-0.14
40.67,3.42,3.58,1.16,4.53,297.25,348.89,-0.78,-0.15
40.74,3.42,3.53,3.82,5.05,299.57,333.94,-0.82,-0.10
40.81,3.46,3.55,4.46,5.12,309.63,339.02,-0.82,-0.09
40.87,3.49,3.53,4.60,2.25,320.05,332.10,-0.64,-0.04
40.94,3.51,3.50,4.65,0.00,328.59,324.00,0.31,0.01
41.01,3.49,3.52,1.17,2.01,320.51,332.08,-0.63,-0.03
41.07,3.40,3.50,3.82,5.07,291.60,324.00,-0.82,-0.10
41.14,3.31,3.48,4.47,4.28,262.42,315.90,-0.77,-0.17
41.21,3.35,3.47,1.11,4.84,274.54,312.93,-0.80,-0.12
41.27,3.36,3.45,3.81,5.11,277.39,306.34,-0.82,-0.09
41.34,3.43,3.44,0.94,0.00,299.70,303.10,-0.25,-0.01
41.41,3.42,3.40,3.78,0.00,299.68,292.39,0.50,0.02
41.48,3.38,3.38,4.45,0.00,285.57,286.52,-0.07,-0.00
41.54,3.30,3.41,1.10,4.80,259.08,296.41,-0.80,-0.13
41.61,3.17,3.38,3.81,3.71,218.65,284.46,-0.73,-0.23
41.68,3.24,3.35,0.85,4.76,239.75,275.40,-0.80,-0.13
41.74,3.25,3.35,3.76,4.88,243.00,276.09,-0.80,-0.12
41.81,3.34,3.35,4.45,0.00,271.74,275.40,-0.29,-0.01
41.88,3.35,3.36,1.10,0.00,275.34,277.91,-0.21,-0.01
41.94,3.28,3.29,3.81,0.00,251.10,255.05,-0.33,-0.02
42.01,3.16,3.31,4.46,4.11,213.20,261.85,-0.76,-0.19
42.08,3.05,3.30,4.66,3.24,178.20,259.19,-0.70,-0.31
42.15,3.07,3.28,4.67,3.53,186.29,251.10,-0.72,-0.26
42.21,3.15,3.27,1.16,4.38,210.60,250.99,-0.77,-0.16
42.28,3.15,3.22,3.81,5.05,210.60,234.76,-0.82,-0.10
42.35,3.21,3.26,0.94,4.29,231.37,244.82,-0.77,-0.05
42.41,3.27,3.23,3.77,0.00,251.08,234.90,0.81,0.07
42.48,3.26,3.24,4.45,0.00,244.96,239.63,0.45,0.02
42.55,3.23,3.27,1.12,4.76,234.95,251.08,-0.80,-0.06
42.61,3.13,3.21,3.82,4.93,202.50,228.91,-0.81,-0.12
42.68,3.15,3.21,4.46,5.10,210.56,229.45,-0.82,-0.08
42.75,3.25,3.21,1.11,0.00,243.00,229.05,0.79,0.06
42.81,3.25,3.22,3.81,0.00,243.00,234.85,0.62,0.03
42.88,3.21,3.20,4.46,0.00,229.17,226.93,0.22,0.01
42.95,3.18,3.23,1.10,5.08,218.70,237.35,-0.82,-0.08
43.02,3.02,3.19,3.81,3.63,170.03,224.50,-0.73,-0.24
43.08,3.10,3.18,0.94,4.97,194.40,218.70,-0.81,-0.11
43.15,3.17,3.18,3.78,0.00,217.70,218.70,-0.10,-0.00
43.22,3.20,3.19,4.45,0.00,226.68,224.20,0.24,0.01
43.28,3.18,3.24,1.12,5.12,218.70,240.22,-0.82,-0.09
43.35,3.07,3.15,3.81,4.77,183.43,210.60,-0.80,-0.13
43.42,3.10,3.10,4.46,0.00,193.39,195.10,-0.19,-0.01
43.48,3.18,3.18,1.10,0.00,218.70,221.72,-0.30,-0.01
43.55,3.10,3.15,3.81,5.06,194.40,210.60,-0.82,-0.08
43.62,3.09,3.10,0.86,0.00,191.01,194.40,-0.37,-0.02
43.69,3.08,3.13,0.19,5.12,186.30,204.57,-0.82,-0.09
43.75,3.02,3.08,3.67,5.12,170.10,186.95,-0.82,-0.09
43.82,3.08,3.10,0.90,2.06,187.56,194.40,-0.63,-0.04
43.89,3.10,3.08,3.77,0.00,195.90,186.30,0.75,0.05
43.95,3.10,3.09,4.45,0.00,194.77,191.68,0.34,0.02
44.02,3.02,3.10,1.12,4.82,170.10,194.40,-0.80,-0.13
44.09,2.95,3.06,3.81,4.09,146.39,180.13,-0.76,-0.19
44.15,3.10,3.04,4.47,0.00,194.21,174.91,0.81,0.11
44.22,3.10,3.09,1.10,0.00,194.40,192.64,0.20,0.01
44.29,3.00,3.08,3.81,4.75,162.00,186.30,-0.80,-0.13
44.35,2.99,3.03,0.94,5.11,158.20,172.61,-0.82,-0.08
44.42,3.00,3.02,3.77,1.91,162.00,167.76,-0.62,-0.03
44.49,3.02,3.02,4.44,0.00,170.10,169.98,0.02,0.00
44.56,3.02,3.04,1.12,2.21,170.10,176.47,-0.64,-0.04
44.62,2.99,3.00,3.81,0.94,157.26,162.00,-0.56,-0.03
44.69,2.98,2.97,4.47,0.00,153.90,152.39,0.22,0.01
44.76,2.95,3.00,1.12,5.07,145.80,162.00,-0.82,-0.10
44.82,2.91,2.95,3.81,5.12,132.80,145.80,-0.82,-0.09
44.89,2.98,2.95,0.85,0.00,155.07,145.80,0.80,0.06
44.96,3.03,2.99,0.19,0.00,171.37,159.85,0.81,0.07
45.02,2.99,3.00,3.67,0.00,158.06,162.00,-0.49,-0.02
45.09,2.96,2.95,0.96,0.00,149.51,145.80,0.50,0.03
45.16,2.90,3.00,0.21,3.98,129.62,161.82,-0.75,-0.20
45.22,2.83,2.94,3.67,3.52,105.30,142.09,-0.72,-0.26
45.29,2.89,2.93,0.90,4.99,127.71,137.70,-0.81,-0.07
45.36,2.93,2.90,3.77,0.00,140.88,129.60,0.82,0.09
45.43,2.94,2.93,4.45,0.00,141.60,140.17,0.23,0.01
45.49,2.90,2.96,1.10,4.74,129.60,149.13,-0.80,-0.13
45.56,2.86,2.93,3.80,4.59,117.99,137.70,-0.79,-0.14
45.63,2.98,2.96,0.94,0.00,153.90,149.28,0.58,0.03
45.69,2.99,2.93,3.78,0.00,158.59,137.73,0.78,0.15
45.76,2.95,2.94,4.45,0.00,145.80,142.55,0.46,0.02
45.83,2.93,2.98,1.12,5.04,137.77,153.90,-0.81,-0.10
45.89,2.90,2.90,3.81,0.00,129.60,129.60,0.00,0.00
45.96,2.89,2.92,4.44,5.12,125.57,137.69,-0.82,-0.09
46.03,2.90,2.93,1.12,4.52,129.60,137.70,-0.78,-0.06
46.10,2.93,2.88,3.82,0.00,137.70,124.67,0.81,0.10
46.16,2.95,2.91,4.46,0.00,145.80,132.86,0.82,0.10
46.23,2.95,2.96,1.10,0.00,145.80,149.03,-0.44,-0.02
46.30,2.87,2.89,3.81,2.38,120.59,125.24,-0.65,-0.04
46.36,2.87,2.89,4.47,3.66,120.86,126.85,-0.73,-0.05
46.43,2.93,2.89,1.11,0.00,137.70,126.25,0.82,0.09
46.50,2.88,2.87,3.81,0.00,121.90,121.50,0.07,0.00
46.56,2.89,2.90,0.94,2.30,124.86,129.60,-0.64,-0.04
46.63,2.88,2.85,0.22,0.00,122.26,113.40,0.82,0.08
46.70,2.87,2.86,3.68,0.00,121.50,115.69,0.75,0.05
46.76,2.86,2.85,0.82,0.00,117.24,113.40,0.61,0.03
46.83,2.82,2.85,0.19,5.12,103.70,113.40,-0.82,-0.09
46.90,2.79,2.80,3.71,3.53,92.73,97.20,-0.72,-0.05
46.97,2.85,2.85,0.91,0.00,113.40,113.38,0.00,0.00
47.03,2.83,2.83,3.77,0.00,105.30,106.08,-0.16,-0.01
47.10,2.80,2.80,4.43,0.00,97.55,97.29,0.06,0.00
47.17,2.83,2.82,1.12,0.00,105.30,104.10,0.25,0.01
47.23,2.75,2.82,0.25,3.72,81.00,105.29,-0.73,-0.23
47.30,2.75,2.78,3.68,5.12,80.99,89.10,-0.82,-0.09
47.37,2.78,2.75,0.91,0.00,90.97,81.00,0.80,0.12
47.43,2.83,2.78,0.20,0.00,105.30,91.25,0.78,0.15
47.50,2.83,2.80,3.67,0.00,105.30,97.20,0.82,0.08
47.57,2.82,2.79,0.90,0.00,104.58,93.19,0.80,0.12
47.63,2.75,2.82,0.21,3.85,81.00,103.12,-0.74,-0.21
47.70,2.73,2.75,3.67,5.09,72.92,80.79,-0.82,-0.10
47.77,2.79,2.80,0.90,3.74,92.53,97.20,-0.73,-0.05
47.84,2.85,2.78,0.20,0.00,113.40,90.18,0.72,0.26
47.90,2.87,2.80,3.67,0.00,121.50,97.79,0.73,0.24
47.97,2.87,2.85,0.82,0.00,121.50,113.40,0.81,0.07
48.04,2.80,2.83,0.18,5.06,97.20,105.30,-0.82,-0.08
48.10,2.74,2.80,3.67,3.91,77.04,97.20,-0.74,-0.21
48.17,2.85,2.80,0.82,0.00,113.40,97.20,0.77,0.17
48.24,2.90,2.83,0.19,0.00,129.60,106.53,0.74,0.22
48.30,2.83,2.82,3.67,0.00,108.02,102.99,0.74,0.05
48.37,2.82,2.83,0.90,0.00,103.36,105.30,-0.39,-0.02
48.44,2.79,2.82,3.84,5.10,93.76,103.77,-0.82,-0.10
48.50,2.73,2.78,4.45,4.15,72.90,89.10,-0.76,-0.18
48.57,2.79,2.83,1.12,4.96,93.41,105.30,-0.81,-0.11
48.64,2.84,2.80,3.81,0.00,109.36,97.45,0.80,0.12
48.71,2.87,2.80,4.46,0.00,121.50,97.37,0.72,0.25
48.77,2.83,2.84,1.10,0.05,107.04,109.83,-0.50,-0.03
48.84,2.80,2.80,3.81,0.00,97.20,97.20,0.00,0.00
48.91,2.76,2.78,4.44,4.73,85.54,91.35,-0.80,-0.06
48.97,2.78,2.79,4.61,4.42,89.10,94.48,-0.78,-0.06
49.04,2.87,2.81,1.16,0.00,118.33,101.36,0.77,0.17
49.11,2.90,2.80,3.83,0.00,129.60,97.20,0.70,0.33
49.17,2.85,2.83,4.46,0.00,113.40,105.30,0.82,0.08
49.24,2.80,2.83,1.10,5.09,96.82,105.30,-0.82,-0.08
49.31,2.78,2.80,3.80,5.11,89.10,97.20,-0.82,-0.08
49.37,2.89,2.80,4.46,0.00,126.82,97.20,0.70,0.30
49.44,2.90,2.87,1.12,0.00,129.60,118.99,0.82,0.09
49.51,2.93,2.83,3.81,0.00,137.70,105.30,0.70,0.31
49.57,2.90,2.83,4.46,0.00,129.60,105.30,0.73,0.23
49.64,2.83,2.86,1.10,5.10,105.30,116.35,-0.82,-0.09
49.71,2.80,2.85,3.81,4.64,97.20,112.97,-0.79,-0.14
49.78,2.90,2.85,0.94,0.00,129.60,113.53,0.79,0.14
49.84,2.93,2.86,3.78,0.00,137.70,117.37,0.77,0.17
49.91,2.85,2.85,4.45,0.00,113.40,113.27,0.03,0.00
49.98,2.83,2.85,1.10,4.85,105.83,113.40,-0.80,-0.07
50.04,2.78,2.81,3.81,4.80,89.10,102.01,-0.80,-0.13
50.11,2.87,2.85,0.94,0.00,121.50,112.98,0.81,0.08
50.18,2.90,2.86,0.21,0.00,128.09,117.26,0.82,0.09
50.24,2.87,2.85,3.67,0.00,118.34,113.40,0.70,0.04
50.31,2.87,2.85,0.90,0.00,120.05,113.40,0.78,0.06
50.38,2.83,2.83,0.21,0.83,105.30,108.42,-0.55,-0.03
50.45,2.75,2.80,3.68,4.41,81.84,97.27,-0.78,-0.16
50.51,2.78,2.83,0.90,4.73,91.42,105.30,-0.80,-0.13
50.58,2.80,2.80,3.77,0.00,97.18,97.20,-0.01,-0.00
50.65,2.87,2.84,4.43,0.00,121.50,109.54,0.81,0.11
50.71,2.89,2.85,1.11,0.00,124.99,113.40,0.82,0.10
50.78,2.78,2.84,3.81,4.17,89.10,108.64,-0.76,-0.18
50.85,2.80,2.80,4.47,0.00,97.20,97.20,0.00,0.00
50.91,2.85,2.80,4.63,0.00,113.40,97.20,0.77,0.17
50.98,2.83,2.83,1.15,0.00,107.95,105.30,0.50,0.03
51.05,2.79,2.80,3.82,0.72,94.45,97.20,-0.54,-0.03
51.11,2.77,2.78,4.47,3.82,87.75,92.26,-0.74,-0.05
51.18,2.77,2.78,1.12,4.53,85.86,91.25,-0.78,-0.06
51.25,2.76,2.75,3.81,0.00,83.35,81.00,0.56,0.03
51.31,2.86,2.76,4.44,0.00,117.35,83.65,0.68,0.40
51.38,2.85,2.82,1.11,0.00,114.90,105.17,0.82,0.09
51.45,2.78,2.79,3.81,3.78,89.10,93.64,-0.74,-0.05
51.52,2.73,2.78,4.45,4.15,72.90,89.10,-0.76,-0.18
51.58,2.85,2.78,1.12,0.00,113.40,89.20,0.72,0.27
51.65,2.80,2.79,3.81,0.00,98.43,93.18,0.77,0.06
51.72,2.76,2.80,4.45,4.79,84.87,97.20,-0.80,-0.13
51.78,2.82,2.77,1.03,0.00,102.40,87.68,0.77,0.17
51.85,2.87,2.82,0.23,0.00,120.83,105.28,0.78,0.15
51.92,2.80,2.80,3.67,0.00,97.20,96.43,0.18,0.01
51.98,2.78,2.79,4.43,3.05,89.10,92.99,-0.69,-0.04
52.05,2.80,2.80,1.10,0.00,96.32,97.20,-0.20,-0.01
52.12,2.80,2.77,3.81,0.00,97.20,89.08,0.82,0.09
52.18,2.78,2.75,4.44,0.00,89.10,81.02,0.82,0.10
52.25,2.76,2.78,1.12,2.43,85.77,89.10,-0.65,-0.04
52.32,2.75,2.75,0.24,0.00,81.98,81.00,0.27,0.01
52.38,2.75,2.74,3.68,0.00,81.17,78.58,0.60,0.03
52.45,2.73,2.73,4.41,0.00,72.90,72.90,0.00,0.00
52.52,2.71,2.70,4.60,0.00,68.01,64.82,0.74,0.05
52.59,2.75,2.72,1.16,0.00,80.83,71.12,0.79,0.14
52.65,2.68,2.72,3.89,4.06,56.70,70.07,-0.75,-0.19
52.72,2.67,2.70,4.47,4.80,56.60,64.80,-0.80,-0.13
52.79,2.75,2.70,1.12,0.00,81.36,64.80,0.72,0.26
52.85,2.78,2.76,3.89,0.00,89.10,83.26,0.81,0.07
52.92,2.73,2.72,4.47,0.00,72.90,72.51,0.12,0.01
52.99,2.71,2.69,4.62,0.00,69.12,60.52,0.79,0.14
53.05,2.70,2.71,1.15,2.57,66.12,68.76,-0.66,-0.04
53.12,2.68,2.69,3.81,5.11,56.70,61.85,-0.82,-0.08
53.19,2.69,2.68,4.44,0.00,61.74,56.70,0.82,0.09
53.25,2.79,2.71,1.12,0.00,93.95,68.32,0.69,0.38
53.32,2.78,2.71,3.88,0.00,89.20,69.14,0.71,0.29
53.39,2.68,2.72,4.47,4.10,59.29,72.89,-0.76,-0.19
53.45,2.70,2.74,1.13,4.16,64.80,79.08,-0.76,-0.18
53.52,2.72,2.68,3.82,0.00,72.88,59.94,0.74,0.22
53.59,2.75,2.69,4.44,0.00,81.79,63.02,0.71,0.30
53.66,2.70,2.75,1.12,4.10,65.90,81.00,-0.76,-0.19
53.72,2.70,2.68,3.81,0.00,64.79,59.46,0.82,0.09
53.79,2.75,2.73,4.44,0.00,81.44,74.71,0.82,0.09
53.86,2.77,2.76,1.12,0.00,87.54,83.41,0.74,0.05
53.92,2.73,2.75,0.25,5.12,73.85,81.00,-0.82,-0.09
53.99,2.68,2.68,3.67,0.00,56.70,56.86,-0.06,-0.00
54.06,2.80,2.73,4.42,0.00,97.18,72.90,0.70,0.33
54.12,2.81,2.77,1.11,0.00,98.99,89.08,0.81,0.11
54.19,2.73,2.73,3.81,0.00,74.38,72.90,0.42,0.02
54.26,2.70,2.68,4.44,0.00,64.89,59.07,0.82,0.10
54.32,2.69,2.72,1.12,4.26,60.39,72.89,-0.77,-0.17
54.39,2.70,2.71,0.25,4.73,64.80,69.19,-0.80,-0.06
54.46,2.75,2.72,3.68,0.00,79.60,72.02,0.81,0.11
54.52,2.80,2.73,4.43,0.00,97.20,72.90,0.70,0.33
54.59,2.78,2.78,1.09,0.00,89.10,89.10,0.00,0.00
54.66,2.75,2.75,0.24,0.00,81.00,82.38,-0.36,-0.02
54.73,2.68,2.73,3.68,3.78,56.71,72.90,-0.74,-0.22
54.79,2.73,2.66,4.43,0.00,72.90,53.41,0.69,0.37
54.86,2.75,2.73,1.09,0.00,81.00,74.76,0.82,0.08
54.93,2.73,2.73,3.81,0.00,72.90,72.90,0.00,0.00
54.99,2.69,2.68,4.44,0.00,62.35,56.70,0.82,0.10
55.06,2.66,2.70,4.62,4.05,51.89,64.24,-0.75,-0.19
55.13,2.68,2.72,1.17,3.94,57.65,72.40,-0.75,-0.20
55.19,2.70,2.68,3.82,0.00,64.80,56.70,0.79,0.14
55.26,2.79,2.68,4.46,0.00,93.41,59.68,0.66,0.57
55.33,2.80,2.75,1.12,0.00,96.99,82.50,0.76,0.18
55.39,2.71,2.73,3.81,5.10,66.98,72.90,-0.82,-0.08
55.46,2.67,2.70,4.44,4.30,53.92,64.80,-0.77,-0.17
55.53,2.74,2.70,1.12,0.00,77.68,64.80,0.75,0.20
55.59,2.76,2.70,3.81,0.00,85.50,64.80,0.70,0.32
55.66,2.78,2.73,4.44,0.00,89.10,72.90,0.74,0.22
55.73,2.77,2.75,1.11,0.00,89.04,81.00,0.82,0.10
55.80,2.73,2.75,0.25,4.92,75.39,81.00,-0.81,-0.07
55.86,2.70,2.73,3.68,5.12,66.35,72.90,-0.82,-0.09
55.93,2.73,2.70,4.43,0.00,72.90,65.43,0.81,0.11
56.00,2.82,2.75,1.11,0.00,103.45,81.00,0.71,0.28
56.06,2.83,2.73,3.82,0.00,105.30,74.77,0.68,0.41
56.13,2.80,2.75,0.86,0.00,97.20,81.00,0.75,0.20
56.20,2.75,2.75,0.19,0.00,82.53,81.00,0.40,0.02
56.26,2.73,2.68,3.67,0.00,72.90,59.34,0.73,0.23
56.33,2.73,2.70,4.43,0.00,72.90,66.34,0.82,0.10
56.40,2.70,2.73,1.11,4.97,64.80,72.90,-0.81,-0.11
56.46,2.67,2.68,3.82,0.00,55.45,56.70,-0.45,-0.02
56.53,2.75,2.69,4.45,0.00,81.00,63.18,0.71,0.28
56.60,2.77,2.73,1.12,0.00,86.11,72.90,0.76,0.18
56.66,2.73,2.74,0.25,4.13,72.90,76.95,-0.76,-0.05
56.73,2.71,2.68,3.68,0.00,67.77,58.39,0.77,0.16
56.80,2.79,2.70,0.82,0.00,93.79,64.80,0.67,0.45
56.87,2.75,2.75,0.19,0.00,81.00,81.00,0.00,0.00
56.93,2.74,2.73,0.10,0.00,76.80,75.47,0.37,0.02
57.00,2.70,2.70,3.66,0.00,63.77,64.80,-0.34,-0.02
57.07,2.71,2.67,4.42,0.00,69.35,56.48,0.73,0.23
57.13,2.68,2.72,1.11,3.79,56.70,72.77,-0.74,-0.22
57.20,2.65,2.68,3.81,4.56,48.54,56.83,-0.78,-0.15
57.27,2.71,2.66,4.46,0.00,68.75,52.74,0.70,0.30
57.33,2.78,2.74,1.10,0.00,89.10,76.31,0.77,0.17
57.40,2.70,2.71,3.81,3.74,64.80,68.07,-0.73,-0.05
57.47,2.66,2.70,4.46,4.17,53.15,64.80,-0.76,-0.18
57.53,2.75,2.69,1.12,0.00,80.40,62.03,0.71,0.30
57.60,2.73,2.73,3.81,0.00,72.90,72.90,0.00,0.00
57.67,2.73,2.70,4.44,0.00,72.90,64.80,0.80,0.13
57.73,2.69,2.70,4.61,4.16,61.36,64.80,-0.76,-0.05
57.80,2.73,2.72,1.16,0.00,72.90,72.83,0.02,0.00
57.87,2.74,2.75,3.88,3.79,77.06,81.00,-0.74,-0.05
57.94,2.75,2.73,4.47,0.00,80.83,72.90,0.81,0.11
58.00,2.78,2.73,1.04,0.00,89.10,75.39,0.76,0.18
58.07,2.75,2.76,0.23,0.00,81.96,82.69,-0.20,-0.01
58.14,2.69,2.70,3.68,2.87,62.18,64.80,-0.68,-0.04
58.20,2.70,2.69,4.41,0.00,64.80,61.13,0.79,0.06
58.27,2.75,2.71,1.11,0.00,81.00,68.14,0.76,0.19
58.34,2.73,2.69,0.25,0.00,72.90,61.00,0.75,0.20
58.40,2.67,2.68,3.68,3.56,54.08,56.70,-0.72,-0.05
58.47,2.65,2.65,4.43,0.00,50.17,48.60,0.60,0.03
58.54,2.73,2.68,1.12,0.00,72.90,56.70,0.71,0.29
58.60,2.68,2.70,3.81,4.90,56.70,64.30,-0.81,-0.12
58.67,2.67,2.68,4.45,0.00,56.62,56.87,-0.10,-0.00
58.74,2.72,2.73,1.12,0.00,71.80,72.90,-0.33,-0.02
58.80,2.76,2.73,0.25,0.00,85.64,72.90,0.76,0.17
58.87,2.70,2.71,3.68,4.82,64.80,69.38,-0.80,-0.07
58.94,2.67,2.68,4.43,0.00,56.63,56.70,-0.03,-0.00
59.00,2.78,2.71,1.11,0.00,89.10,68.47,0.71,0.30
59.07,2.75,2.72,3.81,0.00,81.02,72.67,0.81,0.11
59.14,2.68,2.72,4.44,4.43,58.79,69.72,-0.78,-0.16
59.21,2.69,2.73,1.11,4.52,62.06,72.90,-0.78,-0.15
59.27,2.75,2.69,3.82,0.00,81.00,62.16,0.70,0.30
59.34,2.80,2.73,4.44,0.00,97.20,72.92,0.70,0.33
59.41,2.75,2.78,1.12,5.08,81.00,89.92,-0.82,-0.10
59.47,2.73,2.73,3.81,0.00,73.02,72.90,0.04,0.00
59.54,2.80,2.72,4.44,0.00,97.20,71.99,0.69,0.35
59.61,2.80,2.78,1.12,0.00,97.21,90.92,0.81,0.07
59.67,2.76,2.76,0.25,0.00,85.78,83.07,0.60,0.03
59.74,2.73,2.73,3.68,0.00,74.75,72.90,0.50,0.03
59.81,2.73,2.73,4.41,0.00,72.90,74.22,-0.38,-0.02
59.87,2.70,2.75,1.11,4.03,65.28,81.00,-0.75,-0.19
59.94,2.66,2.73,3.87,3.47,53.39,72.90,-0.72,-0.27
60.01,2.72,2.70,4.47,0.00,69.94,64.27,0.82,0.09
60.08,2.78,2.76,1.13,0.00,89.10,82.87,0.81,0.08
