0.02,2.93,2.90,3.99,12.00,140.12,129.60,0.82,0.08,269722.87
0.09,2.75,2.93,4.49,12.00,81.00,139.93,-0.68,-0.42,220932.82
0.15,2.80,2.91,4.61,12.00,97.20,132.20,-0.72,-0.26,229404.96
0.22,3.00,2.95,1.14,12.00,162.28,145.80,0.81,0.11,308077.12
0.29,3.42,2.95,0.26,0.00,299.41,145.80,0.64,1.05,445214.93
0.36,3.58,2.98,0.12,0.00,350.26,153.90,0.63,1.28,504163.62
0.42,3.62,2.96,0.10,0.00,362.45,148.94,0.63,1.43,511384.78
0.49,3.32,3.01,0.91,0.00,267.30,163.62,0.65,0.63,430923.09
0.56,3.21,3.00,3.79,0.00,229.99,162.00,0.68,0.42,391990.87
0.63,3.15,3.00,4.44,0.00,210.11,162.00,0.71,0.30,372109.06
0.69,2.95,3.00,4.60,12.00,145.78,162.00,-0.82,-0.10,307776.21
0.76,2.96,3.00,4.64,12.00,149.15,162.00,-0.82,-0.08,311149.25
0.83,3.08,3.01,4.69,12.00,186.42,163.65,0.79,0.14,350065.71
0.90,3.46,3.05,1.17,0.00,310.24,178.20,0.65,0.74,488438.68
0.96,3.60,3.08,0.26,0.00,356.40,186.30,0.64,0.91,542699.93
1.03,3.55,3.08,0.13,0.00,340.14,189.29,0.64,0.80,529437.37
1.10,3.24,3.06,0.11,0.00,239.49,180.84,0.70,0.32,420336.87
1.17,3.08,3.08,3.68,12.00,186.30,186.49,-0.02,-0.00,372790.06
1.23,3.00,3.05,4.43,12.00,162.00,178.20,-0.82,-0.09,340200.06
1.30,3.08,3.03,4.60,12.00,186.30,170.33,0.82,0.09,356629.62
1.37,3.23,3.06,4.63,0.00,235.34,180.29,0.70,0.31,415633.68
1.44,3.43,3.08,4.64,0.00,299.70,186.30,0.66,0.61,486000.00
1.50,3.58,3.08,4.65,0.00,349.37,186.30,0.64,0.88,535668.87
1.57,3.49,3.11,1.16,0.00,320.32,197.49,0.66,0.62,517806.25
1.64,3.30,3.15,0.26,0.00,259.20,210.47,0.73,0.23,469673.25
1.71,3.18,3.15,0.12,12.00,221.77,210.60,0.76,0.05,432372.06
1.77,3.08,3.15,0.10,12.00,186.30,210.60,-0.81,-0.12,396900.00
1.84,3.19,3.13,3.68,12.00,224.33,202.50,0.81,0.11,426829.56
1.91,3.40,3.13,4.43,0.00,291.60,204.22,0.68,0.43,495818.25
1.98,3.63,3.14,4.60,0.00,367.72,207.46,0.65,0.77,575187.12
2.04,3.60,3.15,4.64,0.00,356.40,209.92,0.65,0.70,566319.00
2.11,3.40,3.20,4.65,0.00,291.60,226.80,0.71,0.29,518400.00
2.18,3.17,3.18,4.65,12.00,216.00,218.70,-0.27,-0.01,434700.00
2.25,3.15,3.18,1.15,12.00,210.78,218.70,-0.64,-0.04,429482.06
2.31,3.25,3.22,0.26,12.00,243.00,232.86,0.70,0.04,475857.15
2.38,3.55,3.23,0.13,0.00,340.73,234.95,0.67,0.45,575677.87
2.45,3.66,3.25,0.05,0.00,376.48,243.00,0.66,0.55,619479.68
2.52,3.60,3.21,3.68,0.00,356.40,229.14,0.66,0.56,585535.68
2.58,3.30,3.23,4.43,12.00,259.20,236.88,0.82,0.09,496079.46
2.65,3.15,3.24,4.60,12.00,210.60,238.76,-0.81,-0.12,449363.93
2.72,3.24,3.25,4.64,12.00,239.67,242.63,-0.27,-0.01,482302.31
2.79,3.49,3.28,4.65,0.00,321.89,251.10,0.71,0.28,572986.00
2.85,3.71,3.28,4.64,0.00,391.54,251.10,0.66,0.56,642639.62
2.92,3.65,3.28,4.64,0.00,372.47,251.10,0.67,0.48,623565.37
2.99,3.43,3.37,1.15,12.00,299.94,281.31,0.80,0.07,581244.37
3.06,3.27,3.34,0.26,12.00,251.00,273.40,-0.82,-0.08,524401.81
3.12,3.33,3.35,0.12,12.00,269.08,275.38,-0.46,-0.02,544457.75
3.19,3.48,3.36,3.68,12.00,317.97,279.65,0.79,0.14,597618.31
3.26,3.77,3.32,4.43,0.00,411.67,264.53,0.66,0.56,676203.50
3.33,3.90,3.35,4.62,0.00,453.60,273.96,0.65,0.66,727558.87
3.39,3.83,3.35,4.65,0.00,431.41,276.99,0.66,0.56,708397.56
3.46,3.49,3.38,4.65,12.00,320.52,286.31,0.81,0.12,606826.93
3.53,3.39,3.38,4.65,12.00,288.77,283.50,0.39,0.02,572273.31
3.60,3.46,3.41,4.65,12.00,311.08,294.05,0.78,0.06,605124.62
3.66,3.73,3.45,4.69,0.00,397.38,306.39,0.71,0.30,703773.50
3.73,3.90,3.47,1.17,0.00,453.33,314.64,0.68,0.44,767971.87
3.80,3.80,3.51,0.27,0.00,421.22,326.17,0.71,0.29,747393.12
3.87,3.43,3.48,0.13,12.00,299.70,315.90,-0.75,-0.05,615599.87
3.93,3.32,3.41,3.68,12.00,265.85,295.54,-0.82,-0.10,561386.18
4.00,3.42,3.43,4.43,12.00,297.48,299.70,-0.17,-0.01,597175.00
4.07,3.63,3.45,4.62,2.52,366.94,307.80,0.75,0.19,674738.75
4.14,3.77,3.46,4.64,0.00,413.10,311.25,0.70,0.33,724352.12
4.20,3.75,3.52,4.65,0.00,405.00,332.09,0.74,0.22,737092.12
4.27,3.52,3.51,4.65,12.00,328.92,327.87,0.07,0.00,656788.81
4.34,3.32,3.49,4.65,12.00,266.31,320.93,-0.77,-0.17,587238.00
4.41,3.43,3.48,4.66,12.00,299.70,316.95,-0.77,-0.05,616645.18
4.47,3.68,3.52,1.15,12.00,380.70,332.08,0.78,0.15,712776.25
4.54,3.85,3.55,0.26,0.00,437.40,339.86,0.71,0.29,777259.50
4.61,3.95,3.53,0.12,0.00,469.94,332.39,0.68,0.41,802327.62
4.68,3.85,3.58,3.68,0.00,436.49,348.30,0.72,0.25,784789.43
4.74,3.56,3.55,4.44,12.00,342.29,340.20,0.14,0.01,682490.37
4.81,3.45,3.56,4.62,12.00,308.31,342.16,-0.82,-0.10,650462.50
4.88,3.55,3.56,4.66,12.00,340.20,342.81,-0.17,-0.01,683012.93
4.95,3.80,3.55,4.65,0.00,421.20,340.20,0.73,0.24,761400.00
5.01,3.90,3.56,4.65,0.00,452.62,344.95,0.70,0.31,797569.00
5.08,3.79,3.60,4.65,9.05,417.60,356.40,0.77,0.17,773997.37
5.15,3.50,3.62,4.70,12.00,323.99,361.31,-0.82,-0.10,685301.06
5.22,3.58,3.60,1.17,12.00,348.30,355.41,-0.42,-0.02,703710.25
5.28,3.69,3.60,0.26,12.00,385.93,357.72,0.82,0.08,743656.00
5.35,3.86,3.61,3.69,0.00,441.76,358.27,0.73,0.23,800031.31
5.42,3.94,3.63,4.43,0.00,465.60,364.50,0.71,0.28,830103.50
5.49,3.85,3.64,4.62,3.46,437.40,367.82,0.75,0.19,805217.62
5.55,3.48,3.63,4.66,12.00,317.05,364.97,-0.80,-0.13,682023.06
5.62,3.43,3.63,4.65,12.00,299.70,365.05,-0.76,-0.18,664754.25
5.69,3.50,3.63,4.65,12.00,324.00,364.50,-0.81,-0.11,688499.87
5.76,3.78,3.63,4.65,12.00,414.16,364.50,0.79,0.14,778660.87
5.83,3.93,3.63,4.65,0.00,461.70,364.50,0.72,0.27,826199.93
5.89,4.03,3.65,4.65,0.00,494.10,373.57,0.70,0.32,867674.00
5.96,3.75,3.69,4.65,12.00,405.03,385.36,0.75,0.05,790387.37
6.03,3.61,3.70,1.15,12.00,358.47,389.44,-0.82,-0.08,747907.87
6.09,3.68,3.68,0.28,12.00,382.80,380.70,0.12,0.01,763498.25
6.16,3.84,3.68,3.70,12.00,433.54,380.70,0.79,0.14,814236.18
6.23,3.96,3.70,4.44,0.00,472.80,387.66,0.74,0.22,860460.68
6.30,4.04,3.72,4.62,0.00,498.66,395.45,0.72,0.26,894111.68
6.36,4.05,3.73,4.66,0.00,502.20,396.90,0.72,0.27,899100.06
6.43,3.77,3.73,4.65,12.00,413.01,396.90,0.68,0.04,809912.87
6.50,3.60,3.75,4.65,12.00,356.40,405.00,-0.80,-0.12,761399.87
6.57,3.73,3.72,4.65,12.00,397.82,393.78,0.23,0.01,791598.87
6.63,3.89,3.76,4.69,12.00,449.72,408.61,0.82,0.10,858330.75
6.70,4.00,3.75,1.17,0.00,486.00,405.00,0.75,0.20,891000.00
6.77,4.13,3.80,0.26,0.00,526.50,421.20,0.72,0.25,947700.00
6.84,3.98,3.80,3.70,12.00,478.83,421.20,0.79,0.14,900026.37
6.90,3.82,3.78,4.44,12.00,426.65,413.16,0.60,0.03,839803.00
6.97,3.81,3.77,4.62,12.00,425.96,413.10,0.58,0.03,839058.50
7.04,3.98,3.82,4.66,12.00,478.49,429.30,0.81,0.11,907785.87
7.11,4.06,3.86,4.65,12.00,505.15,441.52,0.79,0.14,946670.62
7.17,4.18,3.85,4.65,0.00,542.73,437.40,0.73,0.24,980131.62
7.24,4.29,3.88,4.65,0.00,581.25,445.50,0.70,0.30,1026752.12
7.31,4.17,3.90,4.65,2.41,541.46,454.07,0.75,0.19,995524.00
7.38,3.93,3.90,4.65,12.00,461.70,453.60,0.38,0.02,915300.00
7.45,3.70,3.92,4.70,12.00,388.83,461.64,-0.78,-0.16,850468.25
7.51,3.77,3.90,1.17,12.00,413.10,453.60,-0.82,-0.09,866699.93
7.58,3.95,3.89,0.26,12.00,468.41,450.94,0.66,0.04,919346.00
7.65,4.11,3.90,3.69,12.00,520.53,452.63,0.78,0.15,973156.00
7.72,4.18,3.90,4.43,1.14,542.70,453.60,0.75,0.20,996300.06
7.78,4.23,3.93,4.62,0.00,558.90,461.72,0.74,0.21,1020623.75
7.85,4.15,3.95,4.67,12.00,534.60,470.81,0.79,0.14,1005405.56
7.92,3.95,3.95,4.67,12.00,469.80,469.82,-0.00,-0.00,939615.75
7.99,3.93,3.93,4.67,12.00,461.79,464.41,-0.13,-0.01,926195.00
8.05,4.10,4.00,4.65,12.00,518.40,485.14,0.81,0.07,1003536.87
8.12,4.15,4.00,4.65,12.00,535.62,486.00,0.82,0.10,1021621.37
8.19,4.24,4.03,4.65,12.00,564.88,494.10,0.79,0.14,1058978.00
8.26,4.33,4.02,4.65,0.00,594.46,491.46,0.74,0.21,1085914.50
8.32,4.40,4.05,4.65,0.00,615.60,502.20,0.73,0.23,1117800.00
8.39,4.30,4.04,4.65,10.21,583.20,499.28,0.77,0.17,1082478.25
8.46,3.93,4.04,4.65,12.00,461.70,498.68,-0.81,-0.07,960376.62
8.53,3.95,4.07,4.69,12.00,469.80,507.28,-0.81,-0.07,977083.18
8.59,4.09,4.06,1.17,12.00,516.00,506.73,0.39,0.02,1022729.81
8.66,4.24,4.07,0.26,12.00,563.75,510.30,0.81,0.10,1074045.62
8.73,4.28,4.10,0.06,12.00,575.10,519.34,0.81,0.11,1094442.25
8.80,4.29,4.11,3.68,12.00,580.01,521.12,0.81,0.11,1101132.75
8.86,4.36,4.11,4.44,12.00,602.06,522.60,0.78,0.15,1124664.75
8.93,4.40,4.15,4.62,12.00,614.97,534.60,0.78,0.15,1149566.50
9.00,4.44,4.15,4.66,7.99,628.17,534.60,0.76,0.18,1162765.62
9.07,4.45,4.18,4.68,11.60,631.80,542.90,0.77,0.16,1174697.75
9.13,4.45,4.20,4.67,12.00,631.80,552.39,0.79,0.14,1184191.37
9.20,4.42,4.20,4.68,12.00,623.70,550.87,0.80,0.13,1174571.25
9.27,4.42,4.25,4.68,12.00,622.23,567.00,0.82,0.10,1189227.25
9.34,4.46,4.25,4.68,12.00,633.60,567.00,0.81,0.12,1200597.25
9.40,4.54,4.25,4.68,11.82,659.45,567.00,0.77,0.16,1226449.12
9.47,4.51,4.29,4.67,12.00,652.38,580.59,0.80,0.12,1232965.75
9.54,4.53,4.30,4.67,12.00,656.10,583.20,0.80,0.12,1239300.00
9.61,4.53,4.33,4.67,12.00,656.10,591.30,0.81,0.11,1247400.00
9.67,4.53,4.35,4.68,12.00,656.10,599.40,0.82,0.09,1255500.00
9.74,4.57,4.35,4.67,12.00,671.87,599.40,0.80,0.12,1271272.37
9.81,4.55,4.40,4.67,12.00,664.20,614.42,0.82,0.08,1278620.25
9.88,4.57,4.42,4.66,12.00,672.28,621.65,0.82,0.08,1293933.37
9.94,4.53,4.44,4.65,12.00,656.10,628.35,0.71,0.04,1284447.75
10.01,4.57,4.42,4.65,12.00,669.26,623.70,0.81,0.07,1292959.37
10.08,4.59,4.45,4.65,12.00,676.62,632.47,0.81,0.07,1309080.50
10.15,4.59,4.45,4.65,12.00,677.63,631.80,0.81,0.07,1309428.50
10.21,4.58,4.49,4.65,12.00,673.75,646.12,0.70,0.04,1319872.50
10.28,4.57,4.55,4.65,12.00,672.30,664.20,0.27,0.01,1336500.00
10.35,4.57,4.55,4.70,12.00,672.01,664.20,0.26,0.01,1336215.00
10.42,4.64,4.55,1.17,12.00,693.25,664.20,0.71,0.04,1357450.75
10.48,4.68,4.59,0.17,12.00,704.70,676.92,0.68,0.04,1381624.25
10.55,4.68,4.56,0.05,12.00,704.70,666.18,0.78,0.06,1370879.50
10.62,4.65,4.60,3.67,12.00,696.60,680.40,0.48,0.02,1377000.00
10.69,4.69,4.60,4.43,12.00,708.34,680.40,0.68,0.04,1388742.25
10.76,4.68,4.63,4.62,12.00,706.78,688.50,0.52,0.03,1395282.25
10.82,4.68,4.63,4.66,12.00,707.61,688.50,0.54,0.03,1396105.87
10.89,4.67,4.65,4.67,12.00,702.28,696.60,0.18,0.01,1398877.12
10.96,4.70,4.65,4.67,12.00,712.80,696.60,0.47,0.02,1409399.87
11.03,4.69,4.68,4.68,12.00,710.77,706.58,0.13,0.01,1417349.75
11.09,4.70,4.68,4.68,12.00,712.79,704.70,0.25,0.01,1417492.00
11.16,4.73,4.66,4.67,12.00,720.90,701.02,0.55,0.03,1421918.00
11.23,4.73,4.70,4.68,12.00,720.90,711.46,0.29,0.01,1432361.75
11.30,4.74,4.73,4.68,12.00,725.07,720.90,0.13,0.01,1445972.75
11.36,4.73,4.71,4.68,12.00,720.90,714.86,0.19,0.01,1435758.50
11.43,4.73,4.73,4.68,12.00,721.79,720.90,0.03,0.00,1442694.50
11.50,4.75,4.73,4.67,12.00,729.00,720.90,0.25,0.01,1449899.87
11.57,4.77,4.73,4.67,12.00,734.33,720.90,0.39,0.02,1455228.75
11.63,4.75,4.76,4.68,12.00,729.00,733.01,-0.12,-0.01,1462006.50
11.70,4.75,4.76,4.68,12.00,729.00,732.52,-0.11,-0.00,1461523.25
11.77,4.75,4.74,4.67,12.00,730.15,725.16,0.15,0.01,1455307.87
11.84,4.79,4.73,4.67,12.00,743.42,720.95,0.58,0.03,1464366.12
11.90,4.75,4.77,4.68,12.00,729.00,733.87,-0.15,-0.01,1462869.50
11.97,4.79,4.79,4.67,12.00,743.09,741.13,0.06,0.00,1484224.00
12.04,4.78,4.75,4.66,12.00,737.10,729.00,0.24,0.01,1466100.00
12.11,4.77,4.78,4.65,12.00,735.57,737.10,-0.05,-0.00,1472671.87
12.17,4.78,4.78,4.65,12.00,737.10,737.10,0.00,0.00,1474200.00
12.24,4.79,4.76,4.65,12.00,740.47,731.57,0.27,0.01,1472046.25
12.31,4.80,4.77,4.66,12.00,746.79,737.01,0.29,0.01,1483804.25
12.38,4.80,4.79,4.66,12.00,745.20,743.54,0.05,0.00,1488737.25
12.44,4.80,4.77,4.65,12.00,745.20,735.80,0.28,0.01,1481001.50
12.51,4.79,4.80,4.65,12.00,742.25,745.20,-0.09,-0.00,1487454.50
12.58,4.80,4.80,4.69,12.00,745.20,745.20,0.00,0.00,1490400.12
12.65,4.82,4.80,4.68,12.00,753.30,744.60,0.26,0.01,1497898.25
12.71,4.80,4.81,4.68,12.00,745.20,749.31,-0.12,-0.01,1494509.37
12.78,4.80,4.80,4.67,12.00,745.20,745.20,0.00,0.00,1490400.12
12.85,4.82,4.82,4.68,12.00,752.35,753.30,-0.03,-0.00,1505649.75
12.92,4.82,4.80,4.67,12.00,753.02,745.20,0.23,0.01,1498223.00
12.98,4.85,4.80,4.67,12.00,761.40,744.99,0.45,0.02,1506394.12
13.05,4.83,4.80,4.67,12.00,754.24,743.81,0.30,0.01,1498048.75
13.12,4.80,4.80,4.67,12.00,745.20,745.20,0.00,0.00,1490400.12
13.19,4.82,4.82,4.66,12.00,753.30,750.34,0.09,0.00,1503638.62
13.25,4.85,4.80,4.66,12.00,761.38,745.20,0.45,0.02,1506584.25
13.32,4.85,4.80,4.66,12.00,761.40,745.46,0.44,0.02,1506861.25
13.39,4.82,4.84,4.65,12.00,753.30,759.66,-0.19,-0.01,1512958.00
13.46,4.84,4.85,4.66,12.00,757.43,761.40,-0.12,-0.01,1518833.12
13.52,4.80,4.81,4.66,12.00,745.90,748.97,-0.09,-0.00,1494865.75
13.59,4.83,4.80,4.65,12.00,755.97,745.20,0.31,0.01,1501168.50
13.66,4.85,4.82,4.66,12.00,761.40,753.20,0.24,0.01,1514597.00
13.73,4.84,4.85,4.65,12.00,758.53,761.08,-0.08,-0.00,1519617.00
13.80,4.81,4.85,4.70,12.00,746.91,761.40,-0.40,-0.02,1508310.12
13.86,4.86,4.84,4.70,12.00,763.48,758.60,0.14,0.01,1522079.25
13.93,4.81,4.83,4.67,12.00,749.73,753.78,-0.12,-0.01,1503512.00
14.00,4.86,4.80,4.65,12.00,764.58,746.00,0.50,0.02,1510574.75
14.07,4.85,4.86,4.65,12.00,761.40,765.91,-0.13,-0.01,1527305.37
14.13,4.82,4.85,4.65,12.00,753.30,761.29,-0.23,-0.01,1514589.00
14.20,4.85,4.85,4.65,12.00,761.45,761.40,0.00,0.00,1522847.50
14.27,4.81,4.85,4.65,12.00,747.52,761.40,-0.38,-0.02,1508920.00
14.34,4.82,4.84,4.66,12.00,753.30,756.93,-0.11,-0.00,1510234.25
14.40,4.85,4.86,4.67,12.00,762.53,765.25,-0.08,-0.00,1527780.25
14.47,4.84,4.85,4.67,12.00,757.90,761.40,-0.10,-0.00,1519300.25
14.54,4.85,4.82,4.67,12.00,761.40,753.30,0.24,0.01,1514700.00
14.61,4.83,4.85,4.67,12.00,755.42,761.40,-0.18,-0.01,1516821.87
14.67,4.85,4.87,4.68,12.00,761.40,766.71,-0.16,-0.01,1528112.87
14.74,4.86,4.84,4.68,12.00,765.07,757.76,0.21,0.01,1522831.50
14.81,4.85,4.83,4.68,12.00,761.40,755.47,0.18,0.01,1516869.50
14.88,4.85,4.85,4.67,12.00,761.40,761.40,0.00,0.00,1522800.00
14.94,4.86,4.85,4.66,12.00,765.30,761.40,0.12,0.01,1526695.50
15.01,4.87,4.84,4.66,12.00,768.30,758.40,0.28,0.01,1526703.37
15.08,4.87,4.83,4.65,12.00,766.98,755.08,0.34,0.02,1522063.75
15.15,4.87,4.83,4.65,12.00,768.84,753.36,0.43,0.02,1522206.00
15.21,4.85,4.85,4.65,12.00,762.64,761.40,0.04,0.00,1524035.25
15.28,4.85,4.85,4.65,12.00,761.40,761.40,0.00,0.00,1522800.00
15.35,4.87,4.85,4.70,12.00,766.56,761.40,0.15,0.01,1527962.37
15.42,4.85,4.86,1.09,12.00,761.40,764.33,-0.09,-0.00,1525729.50
15.48,4.88,4.84,3.81,12.00,769.50,756.87,0.36,0.02,1526370.87
15.55,4.85,4.85,4.45,12.00,761.40,761.40,0.00,0.00,1522800.00
15.62,4.85,4.82,4.62,12.00,761.40,753.30,0.24,0.01,1514700.00
15.69,4.90,4.85,4.66,12.00,776.21,761.40,0.41,0.02,1537606.50
15.75,4.89,4.84,4.67,12.00,773.70,757.39,0.44,0.02,1531090.12
15.82,4.86,4.87,4.68,12.00,763.50,768.07,-0.13,-0.01,1531573.00
15.89,4.83,4.87,4.68,12.00,753.55,769.44,-0.43,-0.02,1522982.00
15.96,4.83,4.85,4.68,12.00,755.09,761.45,-0.19,-0.01,1516537.00
16.02,4.88,4.85,4.68,12.00,769.50,761.40,0.23,0.01,1530900.00
16.09,4.88,4.85,4.68,12.00,769.50,761.45,0.23,0.01,1530947.50
16.16,4.88,4.85,4.68,12.00,769.55,761.39,0.24,0.01,1530939.62
16.23,4.83,4.87,4.66,12.00,754.76,768.83,-0.39,-0.02,1523591.75
16.29,4.85,4.85,4.65,12.00,761.40,761.45,-0.00,-0.00,1522847.50
16.36,4.90,4.85,4.67,12.00,777.39,762.85,0.40,0.02,1540235.00
16.43,4.88,4.86,4.66,12.00,771.28,765.47,0.17,0.01,1536751.25
16.50,4.88,4.85,4.65,12.00,770.32,761.20,0.26,0.01,1531517.50
16.56,4.85,4.88,4.65,12.00,761.40,769.50,-0.23,-0.01,1530900.00
16.63,4.88,4.88,4.65,12.00,769.50,769.50,0.00,0.00,1538999.87
16.70,4.89,4.87,4.66,12.00,775.01,767.32,0.22,0.01,1542333.37
16.77,4.88,4.82,4.65,12.00,769.50,753.30,0.44,0.02,1522799.87
16.84,4.89,4.87,4.65,12.00,772.92,766.44,0.19,0.01,1539364.12
16.90,4.88,4.89,4.70,12.00,769.50,773.74,-0.12,-0.01,1543236.00
16.97,4.90,4.88,4.67,12.00,777.60,769.50,0.23,0.01,1547100.00
17.04,4.90,4.88,4.66,12.00,776.41,769.50,0.20,0.01,1545912.25
17.11,4.87,4.88,4.66,12.00,767.43,769.50,-0.06,-0.00,1536933.37
17.17,4.86,4.89,4.66,12.00,763.31,774.57,-0.31,-0.01,1537875.75
17.24,4.90,4.89,4.66,12.00,778.79,773.82,0.14,0.01,1552610.75
17.31,4.90,4.88,4.66,12.00,777.60,769.50,0.23,0.01,1547100.00
17.38,4.86,4.88,4.66,12.00,764.91,769.50,-0.13,-0.01,1534407.50
17.44,4.90,4.88,4.67,12.00,777.56,769.50,0.23,0.01,1547060.37
17.51,4.90,4.87,4.68,12.00,777.54,767.54,0.28,0.01,1545080.75
17.58,4.88,4.87,4.68,12.00,769.62,766.36,0.10,0.00,1535983.25
17.65,4.86,4.88,4.68,12.00,763.21,769.56,-0.18,-0.01,1532760.75
17.71,4.82,4.88,4.68,12.00,753.30,770.64,-0.46,-0.02,1523940.00
17.78,4.89,4.85,4.68,12.00,773.77,761.40,0.35,0.02,1535167.75
17.85,4.88,4.89,4.67,12.00,769.50,774.46,-0.14,-0.01,1543956.50
17.92,4.88,4.86,4.67,12.00,770.61,765.63,0.15,0.01,1536236.62
17.98,4.90,4.88,4.68,12.00,777.60,769.50,0.23,0.01,1547100.00
18.05,4.87,4.88,4.68,12.00,766.33,769.50,-0.09,-0.00,1535832.75
18.12,4.89,4.90,4.67,12.00,775.47,777.60,-0.06,-0.00,1553070.12
18.19,4.88,4.90,4.67,12.00,769.55,776.59,-0.20,-0.01,1546142.00
18.25,4.88,4.89,4.67,12.00,769.50,773.67,-0.12,-0.01,1543172.75
18.32,4.88,4.88,4.67,12.00,772.56,771.52,0.03,0.00,1544075.25
18.39,4.85,4.86,4.67,12.00,761.40,765.30,-0.11,-0.01,1526703.50
18.46,4.89,4.84,4.67,12.00,774.17,757.77,0.44,0.02,1531945.25
18.52,4.87,4.83,4.67,12.00,768.01,753.53,0.40,0.02,1521541.00
18.59,4.87,4.86,4.67,12.00,766.62,763.85,0.08,0.00,1530472.37
18.66,4.85,4.87,4.67,12.00,761.83,769.40,-0.22,-0.01,1531224.75
18.73,4.87,4.86,4.65,12.00,768.59,763.75,0.14,0.01,1532341.00
18.79,4.82,4.88,4.65,12.00,753.30,769.51,-0.43,-0.02,1522807.75
18.86,4.85,4.86,4.65,12.00,761.40,764.01,-0.08,-0.00,1525405.00
18.93,4.88,4.87,4.65,12.00,769.50,769.48,0.00,0.00,1538976.25
19.00,4.85,4.88,4.65,12.00,761.40,769.50,-0.23,-0.01,1530900.00
19.06,4.85,4.86,4.65,12.00,761.40,765.15,-0.11,-0.00,1526553.12
19.13,4.82,4.88,4.66,12.00,753.30,769.88,-0.44,-0.02,1523180.00
19.20,4.84,4.83,4.65,12.00,756.59,754.34,0.07,0.00,1510931.00
19.27,4.85,4.84,4.65,12.00,761.40,757.91,0.10,0.00,1519308.25
19.34,4.85,4.84,4.66,12.00,761.87,756.69,0.15,0.01,1518556.00
19.40,4.84,4.90,4.65,12.00,758.27,777.60,-0.50,-0.02,1535872.50
19.47,4.86,4.87,4.66,12.00,763.47,768.66,-0.15,-0.01,1532127.25
19.54,4.86,4.86,4.70,12.00,765.30,763.94,0.04,0.00,1529237.12
19.61,4.87,4.88,4.70,12.00,769.45,771.15,-0.05,-0.00,1540607.37
19.67,4.89,4.87,4.67,12.00,774.35,769.33,0.15,0.01,1543671.50
19.74,4.85,4.92,4.70,12.00,761.40,783.51,-0.54,-0.03,1544906.87
19.81,4.82,4.89,4.67,12.00,752.84,773.05,-0.51,-0.03,1525887.87
19.88,4.86,4.85,1.07,12.00,763.94,761.74,0.07,0.00,1525682.00
19.94,4.88,4.82,3.80,12.00,769.50,753.30,0.44,0.02,1522799.87
20.01,4.88,4.87,4.45,12.00,770.57,769.15,0.04,0.00,1539720.25
20.08,4.86,4.87,4.60,12.00,764.55,766.78,-0.07,-0.00,1531335.50
20.15,4.85,4.85,4.64,12.00,761.40,761.51,-0.00,-0.00,1522910.87
20.21,4.86,4.87,4.65,12.00,763.60,768.34,-0.14,-0.01,1531937.25
20.28,4.85,4.82,4.65,12.00,760.26,753.30,0.21,0.01,1513559.75
20.35,4.86,4.86,4.66,12.00,763.83,765.48,-0.05,-0.00,1529308.50
20.42,4.85,4.86,4.65,12.00,761.88,764.80,-0.09,-0.00,1526687.50
20.48,4.84,4.82,4.66,12.00,756.82,753.30,0.11,0.00,1510115.37
20.55,4.85,4.85,4.65,12.00,761.63,761.40,0.01,0.00,1523029.75
20.62,4.84,4.85,4.67,12.00,758.68,761.35,-0.08,-0.00,1520028.75
20.69,4.86,4.86,4.68,12.00,765.04,765.93,-0.03,-0.00,1530971.25
20.75,4.88,4.85,4.68,12.00,769.50,762.21,0.21,0.01,1531707.50
20.82,4.85,4.82,4.67,12.00,761.38,753.30,0.24,0.01,1514684.12
20.89,4.83,4.82,4.67,12.00,755.45,753.30,0.06,0.00,1508745.62
20.96,4.88,4.85,4.67,12.00,769.50,761.40,0.23,0.01,1530900.00
21.02,4.86,4.83,4.67,12.00,764.39,754.78,0.28,0.01,1519165.75
21.09,4.85,4.87,4.67,12.00,761.40,769.37,-0.23,-0.01,1530765.37
21.16,4.85,4.90,4.67,12.00,761.40,777.60,-0.43,-0.02,1539000.00
21.23,4.83,4.85,4.67,12.00,754.96,761.40,-0.19,-0.01,1516362.75
21.29,4.85,4.85,4.68,12.00,762.43,761.40,0.03,0.00,1523829.37
21.36,4.85,4.86,4.67,12.00,761.40,765.34,-0.12,-0.01,1526735.12
21.43,4.82,4.85,4.67,12.00,753.30,761.52,-0.24,-0.01,1514818.62
21.50,4.82,4.85,4.67,12.00,753.30,760.65,-0.21,-0.01,1513947.75
21.57,4.85,4.82,4.68,12.00,761.40,753.30,0.24,0.01,1514700.00
21.63,4.86,4.85,4.67,12.00,764.11,761.40,0.08,0.00,1525508.00
21.70,4.89,4.85,4.67,12.00,773.57,761.40,0.34,0.02,1534969.75
21.77,4.82,4.83,4.67,12.00,753.30,756.15,-0.09,-0.00,1509450.25
21.84,4.82,4.86,4.67,12.00,753.30,765.31,-0.34,-0.02,1518611.37
21.90,4.85,4.85,4.67,12.00,761.40,761.40,0.00,0.00,1522800.00
21.97,4.86,4.82,4.66,12.00,765.53,753.30,0.35,0.02,1518825.00
22.04,4.86,4.85,4.65,12.00,763.91,761.40,0.07,0.00,1525310.00
22.11,4.83,4.86,4.65,12.00,755.19,763.28,-0.23,-0.01,1518476.75
22.17,4.82,4.86,4.65,12.00,753.30,766.12,-0.36,-0.02,1519419.00
22.24,4.88,4.82,4.65,12.00,769.50,753.30,0.44,0.02,1522799.87
22.31,4.85,4.82,4.65,12.00,761.65,753.30,0.24,0.01,1514945.37
22.38,4.87,4.82,4.65,12.00,769.48,753.30,0.44,0.02,1522784.00
22.44,4.85,4.86,4.70,12.00,760.81,765.06,-0.12,-0.01,1525872.25
22.51,4.86,4.86,4.70,12.00,763.79,765.46,-0.05,-0.00,1529253.00
22.58,4.84,4.90,4.67,12.00,759.19,777.60,-0.48,-0.02,1536790.75
22.65,4.87,4.88,3.73,12.00,769.39,770.62,-0.04,-0.00,1540005.50
22.71,4.89,4.86,4.43,12.00,773.96,766.04,0.23,0.01,1539997.75
22.78,4.89,4.84,4.60,12.00,774.19,756.74,0.47,0.02,1530923.75
22.85,4.88,4.87,4.64,12.00,770.77,768.99,0.05,0.00,1539760.00
22.92,4.85,4.86,4.65,12.00,761.40,766.19,-0.14,-0.01,1527590.37
22.98,4.87,4.88,4.65,12.00,769.33,770.86,-0.05,-0.00,1540187.62
23.05,4.80,4.87,4.65,12.00,746.44,769.45,-0.57,-0.03,1515895.62
23.12,4.85,4.85,4.65,12.00,762.59,761.40,0.04,0.00,1523987.75
23.19,4.87,4.90,4.65,12.00,767.76,776.78,-0.26,-0.01,1544542.37
23.25,4.88,4.88,4.66,12.00,769.50,769.50,0.00,0.00,1538999.87
23.32,4.85,4.88,4.67,12.00,761.42,769.50,-0.23,-0.01,1530915.75
23.39,4.82,4.88,4.67,12.00,753.30,769.50,-0.43,-0.02,1522799.87
23.46,4.87,4.86,4.67,12.00,769.06,763.28,0.17,0.01,1532341.00
23.52,4.90,4.85,4.68,12.00,777.60,761.40,0.44,0.02,1539000.00
23.59,4.88,4.86,4.67,12.00,769.50,765.72,0.11,0.00,1535215.12
23.66,4.86,4.89,4.67,12.00,765.71,774.26,-0.24,-0.01,1539966.00
23.73,4.86,4.84,4.67,12.00,764.76,758.91,0.17,0.01,1523663.00
23.79,4.87,4.83,4.68,12.00,769.45,753.97,0.43,0.02,1523425.62
23.86,4.88,4.85,4.67,12.00,769.50,760.16,0.27,0.01,1529656.75
23.93,4.88,4.88,4.67,12.00,769.50,769.50,0.00,0.00,1538999.87
24.00,4.85,4.87,4.66,12.00,762.11,769.33,-0.21,-0.01,1531438.50
24.07,4.85,4.86,4.65,12.00,762.45,765.56,-0.09,-0.00,1528001.87
24.13,4.88,4.86,4.65,12.00,769.50,763.43,0.18,0.01,1532934.75
24.20,4.88,4.85,4.65,12.00,769.50,761.40,0.23,0.01,1530900.00
24.27,4.85,4.87,4.65,12.00,761.40,767.20,-0.17,-0.01,1528603.75
24.34,4.83,4.87,4.65,12.00,754.11,769.29,-0.41,-0.02,1523393.75
24.40,4.85,4.85,4.65,12.00,761.40,761.40,0.00,0.00,1522800.00
24.47,4.90,4.83,4.65,12.00,776.94,755.46,0.55,0.03,1532404.25
24.54,4.88,4.84,4.66,12.00,769.50,758.19,0.32,0.01,1527685.25
24.61,4.85,4.87,4.65,12.00,762.86,768.80,-0.17,-0.01,1531667.87
24.67,4.90,4.87,4.66,12.00,776.53,766.39,0.29,0.01,1542919.25
24.74,4.87,4.90,4.66,12.00,768.15,777.60,-0.27,-0.01,1545754.00
24.81,4.89,4.88,4.67,12.00,775.23,769.50,0.17,0.01,1544732.50
24.88,4.90,4.89,4.68,12.00,777.60,774.97,0.08,0.00,1552571.25
24.94,4.88,4.87,4.68,12.00,769.50,768.68,0.02,0.00,1538176.50
25.01,4.88,4.89,4.68,12.00,769.50,773.46,-0.12,-0.01,1542958.75
25.08,4.90,4.90,4.67,12.00,776.10,777.60,-0.04,-0.00,1553695.75
25.15,4.89,4.90,4.67,12.00,773.67,777.60,-0.11,-0.01,1551272.75
25.21,4.90,4.90,4.67,12.00,777.59,777.60,-0.00,-0.00,1555192.00
25.28,4.88,4.90,4.67,12.00,769.50,776.47,-0.20,-0.01,1545967.62
25.35,4.88,4.90,4.68,12.00,769.50,777.40,-0.22,-0.01,1546901.87
25.42,4.86,4.88,4.68,12.00,765.22,769.50,-0.13,-0.01,1534716.25
25.48,4.88,4.88,4.67,12.00,770.74,769.50,0.04,0.00,1540243.00
25.55,4.87,4.88,4.68,12.00,769.36,769.50,-0.00,-0.00,1538857.50
25.62,4.88,4.90,4.67,12.00,769.50,777.55,-0.23,-0.01,1547052.37
25.69,4.88,4.90,4.68,12.00,769.50,776.42,-0.20,-0.01,1545920.00
25.75,4.90,4.88,4.68,12.00,777.60,769.50,0.23,0.01,1547100.00
25.82,4.85,4.88,4.67,12.00,761.35,769.50,-0.23,-0.01,1530852.50
25.89,4.84,4.89,4.67,12.00,758.34,773.63,-0.41,-0.02,1531961.00
25.96,4.86,4.85,4.67,12.00,763.91,761.40,0.07,0.00,1525310.00
26.02,4.86,4.87,4.67,12.00,763.42,768.19,-0.14,-0.01,1531604.50
26.09,4.88,4.90,4.67,12.00,769.50,777.60,-0.23,-0.01,1547100.00
26.16,4.86,4.85,4.66,12.00,765.89,761.40,0.13,0.01,1527289.50
26.23,4.86,4.88,4.65,12.00,765.18,769.50,-0.13,-0.01,1534684.75
26.29,4.87,4.88,4.65,12.00,769.44,769.50,-0.00,-0.00,1538936.50
26.36,4.90,4.90,4.65,12.00,777.60,777.40,0.01,0.00,1555002.00
26.43,4.88,4.88,4.65,12.00,769.50,772.64,-0.09,-0.00,1542135.37
26.50,4.89,4.88,4.65,12.00,773.79,769.50,0.13,0.01,1543291.50
26.57,4.89,4.90,4.65,12.00,774.99,777.60,-0.08,-0.00,1552587.00
26.63,4.86,4.90,4.65,12.00,765.56,777.60,-0.33,-0.02,1543164.87
26.70,4.85,4.89,4.65,12.00,761.40,774.87,-0.37,-0.02,1536268.37
26.77,4.85,4.88,4.65,12.00,761.63,772.64,-0.31,-0.01,1534273.00
26.84,4.88,4.86,4.66,12.00,769.50,763.50,0.18,0.01,1532998.25
26.90,4.89,4.88,4.65,12.00,773.34,769.50,0.11,0.00,1542840.00
26.97,4.88,4.86,4.65,12.00,771.24,765.53,0.17,0.01,1536767.00
27.04,4.90,4.87,4.69,12.00,777.60,768.11,0.27,0.01,1545714.25
27.11,4.88,4.90,4.67,12.00,769.50,777.60,-0.23,-0.01,1547100.00
27.17,4.89,4.89,1.08,12.00,773.63,774.41,-0.02,-0.00,1548042.00
27.24,4.89,4.88,3.81,12.00,775.01,769.50,0.16,0.01,1544510.75
27.31,4.87,4.90,4.45,12.00,769.45,777.60,-0.23,-0.01,1547052.50
27.38,4.88,4.89,4.60,12.00,769.50,774.73,-0.15,-0.01,1544233.62
27.44,4.86,4.86,4.64,12.00,765.48,765.67,-0.01,-0.00,1531145.37
27.51,4.85,4.88,4.65,12.00,761.42,769.50,-0.23,-0.01,1530923.75
27.58,4.84,4.86,4.65,12.00,758.47,765.42,-0.20,-0.01,1523892.75
27.65,4.87,4.86,4.65,12.00,769.02,763.32,0.17,0.01,1532348.87
27.71,4.90,4.84,4.66,12.00,777.52,758.53,0.50,0.03,1536054.50
27.78,4.84,4.89,4.65,12.00,757.28,773.87,-0.44,-0.02,1531153.25
27.85,4.86,4.88,4.66,12.00,763.25,769.50,-0.18,-0.01,1532752.75
27.92,4.85,4.85,4.66,12.00,761.40,761.40,0.00,0.00,1522800.00
27.98,4.85,4.85,4.67,12.00,761.40,761.40,0.00,0.00,1522800.00
28.05,4.90,4.85,4.65,12.00,777.60,761.40,0.44,0.02,1539000.00
28.12,4.90,4.87,4.65,12.00,777.60,769.46,0.23,0.01,1547060.50
28.19,4.88,4.88,4.65,12.00,771.42,769.50,0.06,0.00,1540916.12
28.25,4.86,4.87,4.65,12.00,764.76,766.97,-0.07,-0.00,1531731.25
28.32,4.83,4.85,4.66,12.00,754.87,761.42,-0.19,-0.01,1516291.50
28.39,4.85,4.85,4.66,12.00,761.40,761.56,-0.00,-0.00,1522958.25
28.46,4.85,4.85,4.66,12.00,761.40,761.40,0.00,0.00,1522800.00
28.52,4.85,4.85,1.07,12.00,761.40,762.37,-0.03,-0.00,1523766.00
28.59,4.88,4.82,2.09,12.00,769.50,753.30,0.44,0.02,1522799.87
28.66,4.84,4.85,0.39,12.00,757.54,761.40,-0.11,-0.01,1518936.00
28.73,4.85,4.87,3.70,12.00,761.40,766.49,-0.15,-0.01,1527891.25
28.79,4.85,4.83,4.42,12.00,761.58,756.31,0.16,0.01,1517890.75
28.86,4.85,4.83,4.60,12.00,761.40,754.36,0.21,0.01,1515761.00
28.93,4.85,4.85,4.64,12.00,761.40,761.40,0.00,0.00,1522800.00
29.00,4.84,4.85,4.67,12.00,757.85,761.40,-0.10,-0.00,1519252.75
29.06,4.85,4.82,4.67,12.00,762.54,753.30,0.27,0.01,1515840.00
29.13,4.86,4.86,4.67,12.00,764.20,766.13,-0.06,-0.00,1530329.87
29.20,4.85,4.86,4.68,12.00,761.40,765.11,-0.11,-0.00,1526513.50
29.27,4.85,4.82,4.68,12.00,761.40,753.30,0.24,0.01,1514700.00
29.33,4.83,4.82,4.67,12.00,753.96,753.30,0.02,0.00,1507257.12
29.40,4.86,4.82,4.67,12.00,763.97,753.30,0.31,0.01,1517273.25
29.47,4.82,4.84,4.68,12.00,753.30,757.24,-0.12,-0.01,1510543.00
29.54,4.85,4.83,4.66,12.00,761.40,755.88,0.16,0.01,1517281.25
29.61,4.82,4.85,4.65,12.00,753.30,761.32,-0.23,-0.01,1514620.75
29.67,4.80,4.85,4.66,12.00,745.20,761.40,-0.44,-0.02,1506600.00
29.74,4.83,4.85,4.66,12.00,755.96,761.40,-0.16,-0.01,1517360.37
29.81,4.82,4.82,4.65,12.00,753.30,752.41,0.03,0.00,1505713.00
29.88,4.84,4.82,4.65,12.00,757.00,753.30,0.11,0.00,1510297.50
29.94,4.82,4.85,4.65,12.00,753.30,761.40,-0.23,-0.01,1514700.00
30.01,4.80,4.82,4.65,12.00,745.20,750.43,-0.16,-0.01,1495625.87
30.08,4.82,4.82,4.65,12.00,753.28,752.04,0.04,0.00,1505317.37
30.15,4.85,4.82,4.65,12.00,761.40,752.34,0.26,0.01,1513741.87
30.21,4.81,4.82,4.66,12.00,747.67,753.30,-0.17,-0.01,1500970.25
30.28,4.81,4.82,4.65,12.00,747.04,753.30,-0.19,-0.01,1500336.87
30.35,4.80,4.83,4.65,12.00,746.07,753.43,-0.22,-0.01,1499505.50
30.42,4.82,4.82,4.65,12.00,752.84,753.30,-0.01,-0.00,1506140.75
30.48,4.85,4.80,4.65,12.00,760.62,745.20,0.43,0.02,1505816.12
30.55,4.81,4.82,4.65,12.00,749.25,753.30,-0.12,-0.01,1502546.00
30.62,4.81,4.82,4.65,12.00,748.51,753.30,-0.14,-0.01,1501809.62
30.69,4.80,4.85,4.65,12.00,745.37,761.40,-0.43,-0.02,1506766.25
30.75,4.82,4.83,4.65,12.00,751.19,753.33,-0.06,-0.00,1504525.50
30.82,4.85,4.81,4.65,12.00,761.40,749.74,0.33,0.02,1511144.75
30.89,4.83,4.80,4.65,12.00,755.97,745.20,0.31,0.01,1501168.50
30.96,4.80,4.84,4.65,12.00,745.20,758.31,-0.37,-0.02,1503512.12
31.02,4.80,4.85,4.66,12.00,745.20,761.40,-0.44,-0.02,1506600.00
31.09,4.79,4.81,4.66,12.00,742.67,747.33,-0.14,-0.01,1490004.00
31.16,4.80,4.80,4.65,12.00,744.46,745.20,-0.02,-0.00,1489655.75
31.23,4.82,4.81,4.65,12.00,753.30,747.01,0.19,0.01,1500313.00
31.29,4.85,4.84,4.65,12.00,761.40,758.19,0.10,0.00,1519585.25
31.36,4.82,4.85,4.65,12.00,753.30,761.40,-0.23,-0.01,1514700.00
31.43,4.82,4.85,4.70,12.00,752.58,761.40,-0.25,-0.01,1513979.50
31.50,4.85,4.82,4.67,12.00,761.38,753.30,0.24,0.01,1514684.12
31.57,4.84,4.82,4.70,12.00,757.63,753.30,0.13,0.01,1510931.00
31.63,4.84,4.82,1.09,12.00,756.92,753.30,0.11,0.00,1510218.25
31.70,4.82,4.85,3.81,12.00,753.30,761.40,-0.23,-0.01,1514700.00
31.77,4.82,4.83,4.45,12.00,750.86,753.36,-0.07,-0.00,1504224.62
31.84,4.85,4.81,4.61,12.00,761.40,748.13,0.38,0.02,1509529.62
31.90,4.82,4.80,4.64,12.00,753.22,745.20,0.24,0.01,1498420.87
31.97,4.83,4.81,4.65,12.00,753.37,749.94,0.10,0.00,1503314.00
32.04,4.80,4.84,4.65,12.00,745.20,758.89,-0.38,-0.02,1504090.00
32.11,4.82,4.83,4.65,12.00,750.80,753.37,-0.08,-0.00,1504169.25
32.17,4.82,4.81,4.65,12.00,751.65,749.60,0.06,0.00,1501255.37
32.24,4.84,4.80,4.65,12.00,757.60,745.20,0.35,0.02,1502799.50
32.31,4.83,4.82,4.66,12.00,753.37,753.28,0.00,0.00,1506655.50
32.38,4.82,4.85,4.66,12.00,751.53,761.32,-0.28,-0.01,1512847.25
32.44,4.82,4.85,4.66,12.00,752.77,761.40,-0.25,-0.01,1514169.37
32.51,4.80,4.81,4.66,12.00,746.46,749.59,-0.09,-0.00,1496053.25
32.58,4.81,4.82,4.65,12.00,746.82,753.30,-0.19,-0.01,1500123.00
32.65,4.82,4.82,4.65,12.00,753.30,753.03,0.01,0.00,1506330.75
32.71,4.82,4.82,4.66,12.00,753.30,753.30,0.00,0.00,1506599.87
32.78,4.80,4.85,4.67,12.00,745.20,761.40,-0.44,-0.02,1506600.00
32.85,4.81,4.81,4.68,12.00,747.75,746.82,0.03,0.00,1494572.75
32.92,4.82,4.80,4.68,12.00,753.30,745.20,0.24,0.01,1498500.00
32.98,4.85,4.81,4.67,12.00,761.23,749.86,0.33,0.02,1511089.50
33.05,4.83,4.84,4.67,12.00,756.32,758.81,-0.07,-0.00,1515127.37
33.12,4.82,4.85,4.67,12.00,753.30,761.11,-0.23,-0.01,1514407.00
33.19,4.82,4.82,4.68,12.00,753.02,753.30,-0.01,-0.00,1506315.00
33.25,4.82,4.82,4.67,12.00,753.30,750.40,0.09,0.00,1503702.00
33.32,4.82,4.81,4.67,12.00,753.30,749.82,0.10,0.00,1503116.00
33.39,4.84,4.85,4.67,12.00,757.82,761.30,-0.10,-0.00,1519118.00
33.46,4.80,4.82,4.65,12.00,746.25,753.30,-0.21,-0.01,1499553.00
33.52,4.82,4.85,4.65,12.00,752.95,761.40,-0.24,-0.01,1514351.50
33.59,4.82,4.81,4.65,12.00,753.20,747.59,0.17,0.01,1500788.25
33.66,4.83,4.82,4.65,12.00,756.43,753.30,0.09,0.00,1509727.50
33.73,4.85,4.82,4.65,12.00,761.34,750.63,0.31,0.01,1511976.25
33.80,4.83,4.82,4.66,12.00,755.68,753.30,0.07,0.00,1508975.25
33.86,4.81,4.83,4.65,12.00,749.79,753.72,-0.12,-0.01,1503512.00
33.93,4.80,4.80,4.65,12.00,745.20,745.30,-0.00,-0.00,1490495.12
34.00,4.82,4.81,4.66,12.00,753.30,749.36,0.12,0.01,1502656.75
34.07,4.83,4.80,4.65,12.00,754.95,745.41,0.28,0.01,1500360.75
34.13,4.80,4.84,4.65,12.00,745.30,757.93,-0.36,-0.02,1503227.00
34.20,4.80,4.85,4.65,12.00,745.20,759.97,-0.41,-0.02,1505166.87
34.27,4.80,4.84,4.65,12.00,745.20,757.08,-0.34,-0.02,1502277.00
34.34,4.84,4.80,4.65,12.00,759.63,745.21,0.40,0.02,1504842.25
34.40,4.85,4.81,4.65,12.00,760.81,748.91,0.34,0.02,1509711.50
34.47,4.85,4.85,4.65,12.00,761.40,761.40,0.00,0.00,1522800.00
34.54,4.85,4.83,4.65,12.00,761.40,756.40,0.15,0.01,1517803.87
34.61,4.83,4.81,4.65,12.00,753.32,747.62,0.17,0.01,1500946.50
34.67,4.82,4.80,4.66,12.00,753.30,745.20,0.24,0.01,1498500.00
34.74,4.86,4.82,4.65,12.00,764.45,750.61,0.39,0.02,1515056.12
34.81,4.82,4.83,4.66,12.00,753.30,755.60,-0.07,-0.00,1508896.00
34.88,4.85,4.85,4.67,12.00,761.40,761.45,-0.00,-0.00,1522847.50
34.94,4.80,4.82,4.66,12.00,745.20,753.30,-0.24,-0.01,1498500.00
35.01,4.83,4.85,4.66,12.00,754.73,761.40,-0.20,-0.01,1516125.12
35.08,4.86,4.84,4.65,12.00,763.15,758.64,0.13,0.01,1521786.37
35.15,4.83,4.83,4.67,12.00,753.40,756.04,-0.08,-0.00,1509442.50
35.21,4.85,4.85,4.67,12.00,761.40,760.43,0.03,0.00,1521834.00
35.28,4.84,4.85,4.68,12.00,757.22,761.40,-0.12,-0.01,1518619.25
35.35,4.86,4.85,4.68,12.00,765.96,761.40,0.13,0.01,1527360.75
35.42,4.84,4.83,4.68,12.00,759.14,753.43,0.17,0.01,1512578.00
35.48,4.85,4.84,4.68,12.00,761.40,757.46,0.12,0.01,1518864.75
35.55,4.85,4.83,4.68,12.00,761.40,754.08,0.22,0.01,1515475.87
35.62,4.83,4.85,4.68,12.00,754.08,761.40,-0.21,-0.01,1515483.75
35.69,4.86,4.85,4.68,12.00,764.18,761.40,0.08,0.00,1525579.25
35.75,4.87,4.84,4.68,12.00,768.45,758.27,0.29,0.01,1526719.50
35.82,4.85,4.83,4.67,12.00,761.53,756.08,0.16,0.01,1517605.75
35.89,4.85,4.83,4.67,12.00,761.40,755.43,0.18,0.01,1516829.75
35.96,4.83,4.85,4.67,12.00,755.45,761.40,-0.17,-0.01,1516845.75
36.03,4.86,4.82,4.67,12.00,763.53,753.30,0.30,0.01,1516830.00
36.09,4.85,4.84,4.67,12.00,760.28,758.32,0.06,0.00,1518603.50
36.16,4.88,4.83,4.68,12.00,769.50,753.56,0.44,0.02,1523061.12
36.23,4.82,4.87,4.67,12.00,753.30,766.71,-0.37,-0.02,1520012.75
36.30,4.82,4.85,4.68,12.00,753.30,761.69,-0.24,-0.01,1514992.75
36.36,4.83,4.82,4.67,12.00,755.15,753.30,0.06,0.00,1508452.75
36.43,4.83,4.85,4.67,12.00,754.20,761.40,-0.21,-0.01,1515602.62
36.50,4.85,4.86,4.67,12.00,761.40,763.17,-0.05,-0.00,1524565.75
36.57,4.85,4.84,4.68,12.00,762.02,757.20,0.14,0.01,1519221.00
36.63,4.82,4.85,4.66,12.00,753.30,761.35,-0.23,-0.01,1514652.50
36.70,4.83,4.82,4.65,12.00,753.66,753.30,0.01,0.00,1506964.12
36.77,4.83,4.85,4.65,12.00,755.61,761.40,-0.17,-0.01,1517012.00
36.84,4.86,4.83,4.65,12.00,763.98,754.92,0.26,0.01,1518896.50
36.90,4.86,4.86,4.65,12.00,766.21,764.65,0.05,0.00,1530852.50
36.97,4.85,4.86,4.65,12.00,761.40,763.04,-0.05,-0.00,1524439.00
37.04,4.84,4.85,4.65,12.00,757.56,761.40,-0.11,-0.01,1518959.75
37.11,4.86,4.85,4.65,12.00,764.73,761.40,0.10,0.00,1526125.50
37.17,4.87,4.85,4.65,12.00,769.00,761.40,0.22,0.01,1530401.12
37.24,4.88,4.88,4.65,12.00,769.50,769.50,0.00,0.00,1538999.87
37.31,4.85,4.85,4.65,12.00,761.40,761.40,0.00,0.00,1522800.00
37.38,4.86,4.85,4.67,12.00,763.09,761.40,0.05,0.00,1524494.50
37.44,4.85,4.85,4.67,12.00,761.40,761.40,0.00,0.00,1522800.00
37.51,4.85,4.82,4.68,12.00,761.76,753.30,0.25,0.01,1515056.12
37.58,4.85,4.85,4.67,12.00,761.40,761.47,-0.00,-0.00,1522871.12
37.65,4.85,4.83,4.67,12.00,761.40,754.92,0.19,0.01,1516323.00
37.71,4.85,4.85,4.67,12.00,761.40,761.40,0.00,0.00,1522800.00
37.78,4.82,4.85,4.66,12.00,752.06,761.40,-0.27,-0.01,1513456.87
37.85,4.85,4.86,4.65,12.00,761.40,765.69,-0.13,-0.01,1527091.50
37.92,4.82,4.86,4.65,12.00,753.30,763.68,-0.30,-0.01,1516980.25
37.98,4.85,4.85,4.65,12.00,761.40,761.75,-0.01,-0.00,1523148.37
38.05,4.82,4.85,4.66,12.00,750.13,761.40,-0.32,-0.01,1511532.75
38.12,4.86,4.85,4.65,12.00,765.30,761.40,0.12,0.01,1526695.50
38.19,4.90,4.85,4.65,12.00,777.19,761.40,0.43,0.02,1538588.25
38.25,4.86,4.84,4.66,12.00,764.59,758.63,0.18,0.01,1523219.62
38.32,4.85,4.85,4.65,12.00,761.40,762.84,-0.04,-0.00,1524240.87
38.39,4.85,4.84,4.66,12.00,761.40,758.16,0.10,0.00,1519561.50
38.46,4.83,4.82,4.65,12.00,753.39,753.30,0.00,0.00,1506694.87
38.52,4.86,4.82,4.65,12.00,765.24,753.30,0.34,0.02,1518540.00
38.59,4.85,4.83,4.65,12.00,761.40,754.06,0.22,0.01,1515460.00
38.66,4.82,4.88,4.70,12.00,753.30,769.73,-0.44,-0.02,1523029.50
38.73,4.82,4.87,4.71,12.00,753.30,769.38,-0.43,-0.02,1522681.12
38.79,4.84,4.88,4.71,12.00,758.64,769.50,-0.31,-0.01,1528136.50
38.86,4.86,4.85,4.70,12.00,765.24,761.40,0.11,0.01,1526640.00
38.93,4.86,4.84,4.67,12.00,764.54,758.64,0.17,0.01,1523180.00
39.00,4.88,4.83,4.66,12.00,772.52,754.75,0.48,0.02,1527265.62
39.07,4.86,4.83,4.66,12.00,763.57,753.36,0.29,0.01,1516924.87
39.13,4.83,4.82,4.66,12.00,755.43,753.30,0.06,0.00,1508729.75
39.20,4.86,4.82,4.65,12.00,765.54,753.30,0.35,0.02,1518841.00
39.27,4.85,4.86,4.65,12.00,761.40,765.31,-0.12,-0.01,1526711.50
39.34,4.82,4.84,4.65,12.00,753.30,757.40,-0.12,-0.01,1510701.37
39.40,4.80,4.85,4.66,12.00,745.70,761.40,-0.43,-0.02,1507098.87
39.47,4.82,4.85,4.67,12.00,752.29,761.40,-0.26,-0.01,1513686.50
39.54,4.86,4.82,4.67,12.00,765.92,753.30,0.36,0.02,1519221.00
39.61,4.85,4.87,4.68,12.00,761.40,766.73,-0.16,-0.01,1528128.75
39.67,4.85,4.85,4.67,12.00,761.40,761.63,-0.01,-0.00,1523029.75
39.74,4.82,4.85,4.67,12.00,751.93,761.30,-0.27,-0.01,1513227.25
39.81,4.85,4.84,4.67,12.00,761.40,757.12,0.13,0.01,1518524.25
39.88,4.83,4.85,4.68,12.00,755.97,761.40,-0.16,-0.01,1517368.37
39.94,4.85,4.85,4.68,12.00,759.88,761.40,-0.05,-0.00,1521279.75
40.01,4.85,4.81,4.68,12.00,760.08,747.71,0.35,0.02,1507787.50
40.08,4.85,4.82,4.67,12.00,761.40,753.20,0.24,0.01,1514597.00
40.15,4.85,4.85,4.68,12.00,761.40,761.38,0.00,0.00,1522784.25
40.21,4.81,4.83,4.68,12.00,749.86,753.70,-0.11,-0.01,1503559.50
40.28,4.85,4.81,4.68,12.00,761.40,747.77,0.38,0.02,1509173.25
40.35,4.82,4.82,4.67,12.00,753.30,751.59,0.05,0.00,1504889.62
40.42,4.82,4.82,4.67,12.00,751.73,753.21,-0.04,-0.00,1504945.12
40.48,4.81,4.85,4.68,12.00,747.52,761.40,-0.38,-0.02,1508920.00
40.55,4.82,4.82,4.68,12.00,751.57,753.30,-0.05,-0.00,1504865.75
40.62,4.83,4.82,4.67,12.00,753.63,750.77,0.09,0.00,1504398.75
40.69,4.82,4.81,4.67,12.00,753.30,749.83,0.10,0.00,1503131.87
40.75,4.85,4.85,4.67,12.00,759.87,761.30,-0.04,-0.00,1521168.75
40.82,4.80,4.84,4.67,12.00,745.20,758.54,-0.37,-0.02,1503741.62
40.89,4.83,4.81,4.67,12.00,753.48,749.68,0.11,0.01,1503163.50
40.96,4.82,4.80,4.68,12.00,750.66,745.30,0.16,0.01,1495950.50
41.03,4.82,4.82,4.67,12.00,753.30,750.23,0.09,0.00,1503527.75
41.09,4.85,4.83,4.68,12.00,761.40,753.44,0.23,0.01,1514842.50
41.16,4.82,4.84,4.67,12.00,753.30,759.60,-0.18,-0.01,1512902.50
41.23,4.80,4.84,4.67,12.00,745.20,757.85,-0.36,-0.02,1503052.75
41.30,4.83,4.83,4.67,12.00,753.39,755.70,-0.07,-0.00,1509086.12
41.36,4.82,4.80,4.67,12.00,753.27,745.20,0.24,0.01,1498468.25
41.43,4.82,4.82,4.67,12.00,753.30,753.30,0.00,0.00,1506599.87
41.50,4.82,4.85,4.65,12.00,753.30,761.01,-0.22,-0.01,1514312.00
41.57,4.80,4.82,4.65,12.00,745.20,753.30,-0.24,-0.01,1498500.00
41.63,4.82,4.82,4.65,12.00,753.30,750.64,0.08,0.00,1503939.62
41.70,4.81,4.81,4.65,12.00,749.46,749.10,0.01,0.00,1498555.25
41.77,4.82,4.82,4.66,12.00,753.30,750.48,0.08,0.00,1503781.12
41.84,4.80,4.83,4.65,12.00,745.20,755.36,-0.29,-0.01,1500558.62
41.90,4.80,4.84,4.65,12.00,745.20,757.92,-0.36,-0.02,1503124.00
41.97,4.82,4.84,4.66,12.00,753.30,758.68,-0.16,-0.01,1511976.25
42.04,4.85,4.80,4.65,12.00,761.03,745.20,0.44,0.02,1506228.00
42.11,4.85,4.81,4.65,12.00,761.40,748.83,0.36,0.02,1510226.37
42.17,4.82,4.85,4.65,12.00,750.52,761.38,-0.31,-0.01,1511897.00
42.24,4.82,4.85,4.65,12.00,753.30,760.47,-0.21,-0.01,1513773.50
42.31,4.82,4.83,4.66,12.00,750.73,753.38,-0.08,-0.00,1504105.75
42.38,4.81,4.81,4.66,12.00,747.77,746.85,0.03,0.00,1494620.25
42.44,4.82,4.81,4.65,12.00,753.30,749.03,0.13,0.01,1502332.25
42.51,4.81,4.82,4.66,12.00,747.46,753.30,-0.17,-0.01,1500756.50
42.58,4.82,4.85,4.65,12.00,753.30,761.40,-0.23,-0.01,1514700.00
42.65,4.81,4.84,4.70,12.00,747.11,758.43,-0.32,-0.01,1505538.87
42.71,4.82,4.82,4.67,12.00,753.30,751.57,0.05,0.00,1504865.75
42.78,4.85,4.80,4.66,12.00,761.40,745.28,0.44,0.02,1506679.12
42.85,4.80,4.83,4.70,12.00,745.20,755.88,-0.31,-0.01,1501081.25
42.92,4.80,4.87,4.71,12.00,745.20,766.86,-0.54,-0.03,1512055.50
42.99,4.80,4.85,4.71,12.00,745.20,761.40,-0.44,-0.02,1506600.00
43.05,4.79,4.82,4.67,12.00,742.90,753.30,-0.30,-0.01,1496195.75
43.12,4.81,4.81,1.07,12.00,748.68,748.83,-0.00,-0.00,1497502.50
43.19,4.80,4.82,0.15,12.00,745.20,753.30,-0.24,-0.01,1498500.00
43.26,4.85,4.82,0.05,12.00,760.31,753.24,0.21,0.01,1513544.00
43.32,4.82,4.84,3.67,12.00,753.30,758.65,-0.16,-0.01,1511952.50
43.39,4.80,4.81,4.41,12.00,745.20,746.96,-0.05,-0.00,1492157.75
43.46,4.82,4.80,4.59,12.00,753.30,744.50,0.26,0.01,1497795.25
43.53,4.85,4.84,4.64,12.00,761.40,757.87,0.10,0.00,1519268.62
43.59,4.83,4.85,4.65,12.00,754.99,760.50,-0.16,-0.01,1515484.00
43.66,4.82,4.83,4.66,12.00,753.30,755.64,-0.07,-0.00,1508935.75
43.73,4.80,4.83,4.66,12.00,745.20,753.67,-0.25,-0.01,1498872.12
43.80,4.82,4.81,4.65,12.00,753.30,748.91,0.13,0.01,1502205.37
43.86,4.85,4.83,4.65,12.00,760.16,756.02,0.12,0.01,1516188.37
43.93,4.81,4.85,4.65,12.00,748.14,761.40,-0.37,-0.02,1509537.50
44.00,4.81,4.85,4.65,12.00,749.91,761.40,-0.33,-0.02,1511311.12
44.07,4.80,4.83,4.65,12.00,743.95,754.80,-0.31,-0.01,1498745.50
44.13,4.84,4.80,4.65,12.00,757.33,746.01,0.33,0.02,1503337.87
44.20,4.80,4.82,4.65,12.00,745.20,751.87,-0.20,-0.01,1497067.00
44.27,4.80,4.82,4.65,12.00,745.20,752.69,-0.22,-0.01,1497890.25
44.34,4.80,4.85,4.65,12.00,745.23,761.40,-0.44,-0.02,1506631.50
44.40,4.84,4.80,4.67,12.00,756.55,746.53,0.29,0.01,1503076.50
44.47,4.85,4.81,4.67,12.00,761.40,749.97,0.33,0.02,1511366.50
44.54,4.80,4.82,4.67,12.00,745.12,753.29,-0.24,-0.01,1498412.87
44.61,4.85,4.80,4.67,12.00,759.86,745.20,0.41,0.02,1505064.00
44.67,4.83,4.82,4.68,12.00,756.51,753.30,0.10,0.00,1509814.50
44.74,4.80,4.84,4.68,12.00,745.20,757.22,-0.34,-0.02,1502419.37
44.81,4.81,4.83,4.68,12.00,747.31,755.11,-0.23,-0.01,1502419.37
44.88,4.83,4.82,4.67,12.00,754.27,753.30,0.03,0.00,1507565.87
44.95,4.83,4.82,4.67,12.00,755.74,753.30,0.07,0.00,1509038.50
45.01,4.84,4.82,4.68,12.00,757.89,753.30,0.14,0.01,1511192.25
45.08,4.81,4.84,4.67,12.00,747.31,758.71,-0.32,-0.02,1506022.00
45.15,4.82,4.82,4.67,12.00,753.27,752.30,0.03,0.00,1505570.50
45.22,4.82,4.80,4.67,12.00,753.30,745.20,0.24,0.01,1498500.00
45.28,4.85,4.82,4.68,12.00,761.38,751.40,0.29,0.01,1512783.75
45.35,4.83,4.82,4.67,12.00,753.80,753.17,0.02,0.00,1506972.00
45.42,4.80,4.82,4.67,12.00,745.20,753.30,-0.24,-0.01,1498500.00
45.49,4.84,4.83,4.67,12.00,759.53,753.31,0.18,0.01,1512839.25
45.55,4.82,4.81,4.68,12.00,753.18,747.65,0.17,0.01,1500827.87
45.62,4.85,4.81,4.68,12.00,761.40,749.70,0.34,0.02,1511097.25
45.69,4.85,4.82,4.68,12.00,761.40,753.30,0.24,0.01,1514700.00
45.76,4.80,4.84,4.67,12.00,745.20,757.13,-0.34,-0.02,1502332.25
45.82,4.82,4.82,4.68,12.00,752.96,753.30,-0.01,-0.00,1506259.25
45.89,4.84,4.80,4.68,12.00,757.07,746.21,0.31,0.01,1503274.62
45.96,4.85,4.81,4.68,12.00,761.40,747.82,0.38,0.02,1509220.75
46.03,4.85,4.82,4.67,12.00,761.40,752.48,0.26,0.01,1513876.50
46.09,4.80,4.85,4.67,12.00,745.27,761.40,-0.44,-0.02,1506671.25
46.16,4.80,4.83,4.67,12.00,745.35,756.22,-0.31,-0.01,1501572.00
46.23,4.82,4.80,4.67,12.00,752.55,745.20,0.22,0.01,1497747.75
46.30,4.85,4.82,4.67,12.00,761.40,751.80,0.28,0.01,1513195.50
46.36,4.82,4.82,4.66,12.00,753.30,750.95,0.07,0.00,1504248.25
46.43,4.80,4.85,4.65,12.00,745.96,761.11,-0.41,-0.02,1507067.25
46.50,4.80,4.84,4.65,12.00,746.26,757.47,-0.32,-0.01,1503733.62
46.57,4.80,4.85,4.65,12.00,746.55,761.40,-0.41,-0.02,1507946.00
46.63,4.85,4.80,4.65,12.00,760.09,745.20,0.42,0.02,1505285.50
46.70,4.85,4.82,4.65,12.00,761.40,753.30,0.24,0.01,1514700.00
46.77,4.81,4.85,4.65,12.00,747.20,760.06,-0.36,-0.02,1507257.25
46.84,4.81,4.83,4.66,12.00,748.39,754.65,-0.18,-0.01,1503036.75
46.90,4.80,4.85,4.65,12.00,743.67,761.40,-0.47,-0.02,1505071.75
46.97,4.80,4.80,4.66,12.00,745.20,745.20,0.00,0.00,1490400.12
47.04,4.80,4.80,4.65,12.00,746.52,746.61,-0.00,-0.00,1493131.50
47.11,4.80,4.80,4.65,12.00,745.20,745.11,0.00,0.00,1490305.00
47.18,4.80,4.80,4.65,12.00,745.20,745.20,0.00,0.00,1490400.12
47.24,4.85,4.82,4.66,12.00,760.81,753.30,0.22,0.01,1514114.00
47.31,4.85,4.81,4.67,12.00,761.40,749.74,0.33,0.02,1511144.75
47.38,4.83,4.82,4.68,12.00,755.26,753.24,0.06,0.00,1508500.25
47.45,4.80,4.84,4.66,12.00,745.20,758.29,-0.37,-0.02,1503488.25
47.51,4.80,4.84,4.66,12.00,745.20,757.46,-0.35,-0.02,1502664.75
47.58,4.80,4.83,4.66,12.00,746.56,755.32,-0.25,-0.01,1501881.00
47.65,4.82,4.81,4.66,12.00,753.30,749.39,0.12,0.01,1502688.50
47.72,4.84,4.80,4.67,12.00,757.46,745.20,0.35,0.02,1502657.00
47.78,4.80,4.84,4.68,12.00,745.20,758.28,-0.37,-0.02,1503480.50
47.85,4.80,4.85,4.68,12.00,745.20,761.40,-0.44,-0.02,1506600.00
47.92,4.80,4.83,4.67,12.00,745.20,753.35,-0.24,-0.01,1498547.50
47.99,4.79,4.80,4.67,12.00,742.42,745.20,-0.08,-0.00,1487620.87
48.05,4.80,4.80,4.67,12.00,745.20,744.31,0.03,0.00,1489513.25
48.12,4.80,4.80,4.68,12.00,745.20,744.88,0.01,0.00,1490075.25
48.19,4.80,4.80,4.68,12.00,745.20,745.15,0.00,0.00,1490352.50
48.26,4.82,4.80,4.68,12.00,753.24,745.20,0.24,0.01,1498444.50
48.32,4.82,4.80,4.67,12.00,753.30,745.20,0.24,0.01,1498500.00
48.39,4.85,4.82,4.67,12.00,761.40,751.06,0.30,0.01,1512459.25
48.46,4.80,4.80,4.67,12.00,745.20,744.06,0.03,0.00,1489259.75
48.53,4.82,4.80,4.68,12.00,753.30,744.34,0.26,0.01,1497644.75
48.59,4.82,4.82,4.67,12.00,752.75,753.30,-0.02,-0.00,1506045.62
48.66,4.81,4.80,4.68,12.00,748.45,746.53,0.06,0.00,1494984.25
48.73,4.80,4.80,4.67,12.00,745.20,745.20,0.00,0.00,1490400.12
48.80,4.80,4.82,4.67,12.00,745.20,753.30,-0.24,-0.01,1498500.00
48.86,4.83,4.83,4.68,12.00,754.60,754.84,-0.01,-0.00,1509442.50
48.93,4.82,4.82,4.66,12.00,751.77,753.30,-0.05,-0.00,1505071.75
49.00,4.80,4.84,4.67,12.00,745.20,757.42,-0.35,-0.02,1502617.25
49.07,4.82,4.82,4.68,12.00,752.72,753.30,-0.02,-0.00,1506021.87
49.13,4.83,4.80,4.68,12.00,755.33,745.20,0.30,0.01,1500534.75
49.20,4.82,4.82,4.67,12.00,753.30,753.30,0.00,0.00,1506599.87
49.27,4.80,4.85,4.66,12.00,745.20,761.40,-0.44,-0.02,1506600.00
49.34,4.80,4.81,4.66,12.00,745.20,748.00,-0.08,-0.00,1493203.00
49.40,4.84,4.80,4.65,12.00,757.33,746.02,0.33,0.02,1503345.75
49.47,4.86,4.80,4.65,12.00,764.97,745.20,0.52,0.03,1510171.00
49.54,4.85,4.82,4.65,12.00,761.40,752.65,0.26,0.01,1514050.75
49.61,4.80,4.84,4.65,12.00,745.20,758.25,-0.37,-0.02,1503448.75
49.68,4.80,4.83,4.65,12.00,745.20,756.12,-0.31,-0.01,1501318.75
49.74,4.83,4.81,4.65,12.00,754.26,747.34,0.21,0.01,1501595.87
49.81,4.84,4.82,4.65,12.00,756.83,753.30,0.11,0.00,1510131.25
49.88,4.84,4.85,4.69,12.00,759.31,761.34,-0.06,-0.00,1520646.25
49.95,4.84,4.85,4.67,12.00,758.30,761.38,-0.09,-0.00,1519688.25
50.01,4.80,4.84,4.65,12.00,745.20,757.59,-0.35,-0.02,1502791.50
50.08,4.83,4.83,4.66,12.00,754.04,755.49,-0.04,-0.00,1509537.50
50.15,4.85,4.82,4.65,12.00,761.40,753.30,0.24,0.01,1514700.00
50.22,4.84,4.83,4.70,12.00,759.38,753.87,0.16,0.01,1513250.87
50.28,4.85,4.85,1.09,12.00,761.40,761.15,0.01,0.00,1522546.50
50.35,4.82,4.85,0.15,12.00,751.70,761.40,-0.28,-0.01,1513100.50
50.42,4.86,4.82,0.04,12.00,764.70,753.30,0.33,0.02,1518001.75
50.49,4.87,4.80,3.67,12.00,767.81,745.20,0.57,0.03,1513013.50
50.55,4.85,4.82,4.41,12.00,761.40,753.30,0.24,0.01,1514700.00
50.62,4.82,4.82,4.60,12.00,750.37,753.28,-0.09,-0.00,1503654.50
50.69,4.82,4.85,4.64,12.00,753.30,759.82,-0.19,-0.01,1513124.25
50.76,4.85,4.84,4.65,12.00,761.40,757.05,0.13,0.01,1518453.00
50.82,4.82,4.82,4.67,12.00,752.98,753.30,-0.01,-0.00,1506283.12
50.89,4.83,4.84,4.66,12.00,753.70,757.02,-0.10,-0.00,1510725.12
50.96,4.85,4.82,4.67,12.00,761.40,752.98,0.25,0.01,1514375.37
51.03,4.82,4.85,4.67,12.00,753.30,761.40,-0.23,-0.01,1514700.00
51.09,4.83,4.82,4.67,12.00,753.36,753.30,0.00,0.00,1506655.25
51.16,4.85,4.85,4.68,12.00,761.62,761.40,0.01,0.00,1523021.75
51.23,4.85,4.84,4.68,12.00,761.40,756.85,0.14,0.01,1518247.12
51.30,4.84,4.86,4.68,12.00,758.72,763.43,-0.14,-0.01,1522150.50
51.36,4.85,4.85,4.68,12.00,761.40,760.27,0.03,0.00,1521667.75
51.43,4.85,4.85,4.67,12.00,761.40,761.40,0.00,0.00,1522800.00
51.50,4.86,4.82,4.67,12.00,765.32,753.30,0.34,0.02,1518619.25
51.57,4.86,4.84,4.68,12.00,766.22,756.56,0.28,0.01,1522784.00
51.63,4.85,4.85,4.68,12.00,761.40,762.83,-0.04,-0.00,1524233.25
51.70,4.82,4.86,4.67,12.00,753.30,765.00,-0.33,-0.02,1518302.50
51.77,4.86,4.85,4.67,12.00,765.30,761.40,0.12,0.01,1526703.50
51.84,4.82,4.85,4.67,12.00,753.30,761.43,-0.24,-0.01,1514731.50
51.91,4.89,4.83,4.68,12.00,773.28,753.48,0.52,0.03,1526758.75
51.97,4.85,4.84,4.68,12.00,761.40,757.21,0.12,0.01,1518611.37
52.04,4.85,4.83,4.67,12.00,761.40,754.36,0.21,0.01,1515761.00
52.11,4.82,4.85,4.66,12.00,753.30,761.40,-0.23,-0.01,1514700.00
52.18,4.85,4.85,4.65,12.00,761.40,761.40,0.00,0.00,1522800.00
52.24,4.85,4.86,4.66,12.00,761.40,764.49,-0.09,-0.00,1525888.00
52.31,4.85,4.86,4.65,12.00,761.40,765.48,-0.12,-0.01,1526877.75
52.38,4.85,4.83,4.66,12.00,761.40,753.41,0.23,0.01,1514810.75
52.45,4.82,4.85,4.65,12.00,753.30,761.34,-0.23,-0.01,1514636.50
52.51,4.82,4.85,4.65,12.00,753.30,761.40,-0.23,-0.01,1514700.00
52.58,4.83,4.85,4.65,12.00,756.36,761.40,-0.15,-0.01,1517764.25
52.65,4.83,4.86,4.65,12.00,754.73,765.34,-0.30,-0.01,1520060.25
52.72,4.80,4.86,4.65,12.00,745.94,764.52,-0.49,-0.02,1510456.00
52.78,4.83,4.85,4.69,12.00,754.69,761.41,-0.20,-0.01,1516101.50
52.85,4.85,4.85,4.70,12.00,761.84,761.40,0.01,0.00,1523243.37
52.92,4.90,4.85,4.70,12.00,776.25,761.40,0.41,0.02,1537646.00
52.99,4.85,4.86,1.09,12.00,761.40,765.32,-0.12,-0.01,1526719.25
53.05,4.84,4.86,0.15,12.00,758.15,764.61,-0.19,-0.01,1522752.37
53.12,4.85,4.85,0.05,12.00,761.40,761.79,-0.01,-0.00,1523187.87
53.19,4.85,4.82,0.05,12.00,761.40,753.30,0.24,0.01,1514700.00
53.26,4.86,4.82,3.67,12.00,765.18,753.30,0.34,0.02,1518484.75
53.32,4.87,4.83,4.41,12.00,769.44,756.38,0.37,0.02,1525824.62
53.39,4.85,4.84,4.60,12.00,761.44,758.29,0.09,0.00,1519728.00
53.46,4.83,4.83,4.64,12.00,756.07,753.79,0.07,0.00,1509862.12
53.53,4.81,4.85,4.65,12.00,749.26,761.40,-0.34,-0.02,1510661.87
53.59,4.86,4.82,4.65,12.00,763.85,751.20,0.36,0.02,1515048.25
53.66,4.85,4.84,4.65,12.00,760.69,757.95,0.08,0.00,1518635.12
53.73,4.85,4.87,4.65,12.00,761.40,766.27,-0.14,-0.01,1527669.50
53.80,4.83,4.84,4.65,12.00,753.57,757.28,-0.11,-0.00,1510851.87
53.86,4.80,4.82,4.65,12.00,745.20,753.30,-0.24,-0.01,1498500.00
53.93,4.86,4.82,4.65,12.00,765.32,753.30,0.34,0.02,1518619.25
54.00,4.82,4.82,4.67,12.00,753.24,753.30,-0.00,-0.00,1506536.75
54.07,4.85,4.82,4.66,12.00,761.40,751.81,0.28,0.01,1513211.37
54.14,4.81,4.82,4.66,12.00,749.44,753.30,-0.12,-0.01,1502744.00
54.20,4.82,4.84,4.67,12.00,753.30,756.82,-0.10,-0.00,1510123.25
54.27,4.82,4.83,4.68,12.00,750.14,753.52,-0.10,-0.00,1503662.50
54.34,4.84,4.80,4.68,12.00,757.42,745.98,0.33,0.02,1503401.00
54.41,4.82,4.82,4.68,12.00,753.30,753.30,0.00,0.00,1506599.87
54.47,4.85,4.84,4.68,12.00,761.40,759.10,0.07,0.00,1520503.87
54.54,4.82,4.84,4.67,12.00,753.30,758.23,-0.15,-0.01,1511532.75
54.61,4.81,4.83,4.67,12.00,748.26,754.73,-0.19,-0.01,1502997.25
54.68,4.82,4.82,4.67,12.00,753.30,750.15,0.09,0.00,1503448.50
54.74,4.82,4.82,4.65,12.00,753.30,750.13,0.10,0.00,1503432.75
54.81,4.84,4.85,4.66,12.00,759.24,761.33,-0.06,-0.00,1520567.00
54.88,4.80,4.85,4.65,12.00,745.20,761.13,-0.43,-0.02,1506330.87
54.95,4.80,4.81,4.65,12.00,746.29,749.41,-0.09,-0.00,1495705.00
55.01,4.84,4.80,4.65,12.00,759.17,745.24,0.39,0.02,1504406.75
55.08,4.83,4.82,4.66,12.00,753.41,753.30,0.00,0.00,1506710.75
55.15,4.80,4.81,4.65,12.00,745.43,749.31,-0.12,-0.01,1494738.87
55.22,4.80,4.85,4.65,12.00,745.20,761.15,-0.43,-0.02,1506346.62
55.28,4.81,4.85,4.65,12.00,748.21,762.84,-0.40,-0.02,1511049.50
55.35,4.82,4.82,4.65,12.00,753.24,753.30,-0.00,-0.00,1506536.75
55.42,4.84,4.82,4.65,12.00,758.30,753.30,0.15,0.01,1511596.12
55.49,4.80,4.82,4.65,12.00,745.20,753.24,-0.24,-0.01,1498436.75
55.55,4.83,4.83,4.65,12.00,754.15,756.25,-0.06,-0.00,1510400.50
55.62,4.80,4.83,4.65,12.00,745.20,756.14,-0.31,-0.01,1501342.50
55.69,4.81,4.80,4.65,12.00,749.17,746.06,0.09,0.00,1495229.75
55.76,4.85,4.80,4.65,12.00,761.38,745.20,0.45,0.02,1506584.25
55.82,4.82,4.82,4.65,12.00,753.30,752.52,0.02,0.00,1505816.00
55.89,4.82,4.82,4.65,12.00,750.33,753.28,-0.09,-0.00,1503615.00
55.96,4.82,4.85,4.65,12.00,750.28,761.40,-0.32,-0.01,1511683.25
56.03,4.84,4.83,4.64,12.00,758.90,753.37,0.16,0.01,1512269.25
56.10,4.84,4.82,4.65,12.00,759.75,753.30,0.19,0.01,1513045.00
56.16,4.82,4.82,4.65,12.00,753.30,752.47,0.02,0.00,1505768.50
56.23,4.80,4.85,4.66,12.00,745.20,761.38,-0.44,-0.02,1506576.25
56.30,4.81,4.85,4.65,12.00,748.22,761.40,-0.37,-0.02,1509616.75
56.37,4.81,4.85,4.65,12.00,748.59,761.40,-0.36,-0.02,1509988.75
56.43,4.84,4.83,4.65,12.00,757.95,753.69,0.13,0.01,1511635.75
56.50,4.84,4.80,4.65,12.00,757.77,745.20,0.36,0.02,1502965.75
56.57,4.84,4.82,4.65,12.00,758.53,753.28,0.16,0.01,1511817.75
56.64,4.80,4.85,4.66,12.00,745.64,761.40,-0.43,-0.02,1507035.37
56.70,4.83,4.83,4.66,12.00,753.32,755.69,-0.07,-0.00,1509014.87
56.77,4.82,4.83,4.69,12.00,753.30,753.77,-0.01,-0.00,1507067.00
56.84,4.82,4.83,4.70,12.00,753.30,753.31,-0.00,-0.00,1506607.87
56.91,4.85,4.84,4.66,12.00,761.39,759.52,0.06,0.00,1520915.50
56.97,4.82,4.85,4.66,12.00,752.67,761.29,-0.25,-0.01,1513963.62
57.04,4.82,4.85,4.66,12.00,750.70,761.40,-0.30,-0.01,1512102.87
57.11,4.81,4.82,4.66,12.00,747.46,753.30,-0.17,-0.01,1500756.50
57.18,4.84,4.83,4.69,12.00,758.70,753.40,0.16,0.01,1512103.00
57.24,4.85,4.81,2.51,12.00,762.48,747.48,0.42,0.02,1509957.12
57.31,4.82,4.84,4.13,12.00,753.30,758.64,-0.16,-0.01,1511944.50
57.38,4.80,4.85,4.53,12.00,745.20,761.40,-0.44,-0.02,1506600.00
57.45,4.80,4.83,4.63,12.00,744.77,753.32,-0.25,-0.01,1498088.25
57.51,4.82,4.80,4.65,12.00,753.30,745.15,0.24,0.01,1498452.50
57.58,4.80,4.80,4.65,12.00,745.20,745.06,0.00,0.00,1490257.50
57.65,4.80,4.80,4.65,12.00,745.21,745.20,0.00,0.00,1490408.00
57.72,4.84,4.82,4.65,12.00,758.02,753.30,0.14,0.01,1511319.00
57.78,4.80,4.81,4.66,12.00,745.20,748.34,-0.09,-0.00,1493535.62
57.85,4.82,4.80,4.66,12.00,752.31,746.31,0.18,0.01,1498618.75
57.92,4.84,4.80,4.66,12.00,758.26,745.20,0.37,0.02,1503456.62
57.99,4.81,4.85,4.66,12.00,749.79,761.40,-0.33,-0.02,1511192.25
58.06,4.80,4.82,4.66,12.00,745.30,753.30,-0.23,-0.01,1498602.75
58.12,4.80,4.81,4.66,12.00,745.20,748.31,-0.09,-0.00,1493511.75
58.19,4.84,4.83,4.67,12.00,758.71,753.40,0.16,0.01,1512111.00
58.26,4.84,4.82,4.67,12.00,758.25,753.30,0.15,0.01,1511548.62
58.33,4.81,4.82,4.67,12.00,748.33,753.30,-0.15,-0.01,1501627.50
