0.02,2.52,2.49,0.34,3.78,8.10,-1.88,0.61,5.32
0.09,2.38,2.50,0.13,12.00,-40.50,0.00,-0.61,-10.00
0.15,2.35,2.48,3.66,12.00,-47.00,-8.10,-0.61,-4.80
0.22,2.57,2.45,4.40,5.26,24.01,-16.13,0.62,2.49
0.29,2.97,2.51,1.11,5.50,153.79,3.62,0.61,10.00
0.35,3.08,2.52,3.81,5.55,186.30,8.04,0.61,10.00
0.42,3.12,2.53,4.46,5.60,202.49,9.12,0.61,10.00
0.49,3.19,2.55,1.10,5.65,224.82,16.20,0.61,10.00
0.56,3.21,2.55,3.81,5.70,231.34,16.20,0.61,10.00
0.62,3.28,2.60,0.94,5.72,251.10,33.63,0.61,6.47
0.69,3.28,2.57,3.78,5.80,253.30,24.30,0.61,9.42
0.76,3.31,2.57,4.45,5.85,261.72,24.30,0.61,9.77
0.82,3.38,2.62,1.12,5.87,283.50,37.74,0.61,6.51
0.89,3.35,2.64,3.81,5.89,275.48,46.27,0.61,4.95
0.96,3.38,2.66,0.86,5.93,284.54,51.00,0.61,4.58
1.02,3.43,2.68,0.20,5.97,301.76,56.70,0.61,4.32
1.09,3.45,2.63,3.67,6.07,307.80,42.38,0.61,6.26
1.16,3.43,2.74,0.91,6.00,299.70,76.93,0.62,2.90
1.22,3.44,2.70,0.21,6.10,304.59,64.80,0.61,3.70
1.29,3.46,2.68,3.67,6.18,310.34,56.80,0.61,4.46
1.36,3.52,2.76,0.90,6.15,328.93,83.42,0.62,2.94
1.43,3.48,2.74,3.77,6.21,315.90,77.51,0.62,3.08
1.49,3.50,2.75,4.45,6.26,324.00,81.00,0.62,3.00
1.56,3.55,2.78,1.12,6.29,338.88,89.10,0.62,2.80
1.63,3.55,2.78,3.81,6.34,339.99,89.10,0.62,2.82
1.69,3.51,2.80,4.46,6.35,327.26,97.18,0.62,2.37
1.76,3.58,2.84,1.10,6.38,348.30,108.66,0.62,2.21
1.83,3.55,2.85,3.80,6.40,341.81,113.38,0.62,2.01
1.89,3.57,2.87,0.94,6.42,348.29,121.50,0.62,1.87
1.96,3.58,2.84,3.78,6.52,348.30,109.60,0.62,2.18
2.03,3.58,2.87,4.45,6.52,348.30,121.48,0.62,1.87
2.10,3.63,2.90,1.10,6.55,364.50,129.60,0.62,1.81
2.16,3.62,2.87,3.81,6.63,362.21,121.50,0.62,1.98
2.23,3.61,2.95,0.94,6.57,358.93,145.72,0.63,1.46
2.30,3.59,2.94,3.84,6.62,352.32,141.07,0.63,1.50
2.36,3.63,2.98,4.48,6.63,364.50,153.90,0.63,1.37
2.43,3.65,3.00,1.11,6.65,372.60,162.00,0.63,1.30
2.50,3.63,2.98,3.81,6.72,364.58,153.90,0.63,1.37
2.56,3.63,3.02,0.95,6.68,364.50,170.10,0.63,1.14
2.63,3.64,3.00,3.84,6.78,369.96,162.00,0.63,1.28
2.70,3.63,3.02,4.46,6.79,364.50,166.98,0.63,1.18
2.77,3.68,3.05,1.12,6.82,380.70,177.22,0.63,1.15
2.83,3.65,3.03,3.81,6.87,372.60,172.10,0.63,1.17
2.90,3.65,3.10,0.86,6.77,372.60,194.15,0.64,0.92
2.97,3.67,3.10,3.82,6.83,378.47,194.40,0.64,0.95
3.03,3.69,3.08,4.45,6.95,384.29,186.30,0.64,1.06
3.10,3.73,3.12,1.12,6.95,399.87,201.39,0.64,0.99
3.17,3.69,3.11,3.81,6.96,385.12,197.92,0.64,0.95
3.23,3.67,3.16,4.46,6.87,380.32,213.48,0.65,0.78
3.30,3.72,3.18,1.10,6.94,396.08,218.70,0.64,0.81
3.37,3.69,3.17,3.81,6.94,386.30,218.62,0.65,0.77
3.43,3.76,3.22,0.94,6.95,409.09,234.89,0.65,0.74
3.50,3.70,3.20,3.78,6.96,388.80,226.80,0.65,0.71
3.57,3.72,3.18,4.46,7.11,396.51,218.70,0.64,0.81
3.64,3.70,3.26,1.10,6.84,388.80,246.76,0.66,0.58
3.70,3.75,3.24,3.81,7.04,404.74,240.45,0.65,0.68
3.77,3.75,3.29,0.95,6.94,405.00,254.64,0.66,0.59
3.84,3.70,3.28,3.78,6.90,388.80,251.10,0.66,0.55
3.90,3.74,3.25,4.45,7.11,400.37,243.00,0.65,0.65
3.97,3.76,3.32,1.10,6.92,406.95,267.30,0.66,0.52
4.04,3.72,3.30,3.80,6.96,395.56,259.25,0.66,0.53
4.10,3.73,3.36,0.94,6.76,400.01,278.65,0.68,0.44
4.17,3.70,3.35,3.78,6.72,388.80,275.40,0.68,0.41
4.24,3.75,3.37,4.45,6.82,404.99,282.61,0.68,0.43
4.31,3.75,3.43,1.10,6.54,405.29,299.70,0.69,0.35
4.37,3.70,3.40,3.81,6.46,388.06,291.60,0.70,0.33
4.44,3.72,3.40,0.95,6.61,396.84,293.02,0.69,0.35
4.51,3.70,3.44,3.78,6.16,388.80,305.49,0.71,0.27
4.57,3.69,3.47,4.45,5.78,384.51,313.83,0.73,0.23
4.64,3.68,3.50,1.10,5.33,383.65,324.00,0.76,0.18
4.71,3.65,3.48,3.81,5.22,372.35,316.95,0.76,0.17
4.77,3.63,3.52,4.46,4.23,364.50,329.08,0.81,0.11
4.84,3.58,3.52,4.60,5.63,348.34,331.82,0.74,0.05
4.91,3.50,3.55,4.63,12.00,324.00,340.20,-0.73,-0.05
4.98,3.54,3.53,1.09,12.00,335.54,332.16,0.23,0.01
5.04,3.63,3.50,3.80,5.05,364.50,324.00,0.80,0.13
5.11,3.73,3.56,4.46,5.56,397.44,343.17,0.78,0.16
5.18,3.75,3.60,1.10,5.23,405.00,356.40,0.79,0.14
5.24,3.68,3.58,3.81,4.71,382.33,348.30,0.82,0.10
5.31,3.62,3.60,4.46,12.00,361.92,356.40,0.33,0.02
5.38,3.65,3.64,1.10,12.00,372.52,369.93,0.16,0.01
5.44,3.75,3.63,3.81,5.14,405.00,364.50,0.81,0.11
5.51,3.88,3.63,4.46,6.70,447.26,364.50,0.73,0.23
5.58,3.87,3.63,4.60,6.66,445.44,364.50,0.74,0.22
5.64,3.80,3.65,4.66,5.44,422.26,373.85,0.80,0.13
5.71,3.80,3.75,1.15,7.71,421.20,404.53,0.69,0.04
5.78,3.71,3.70,3.82,12.00,391.86,388.80,0.18,0.01
5.85,3.72,3.73,4.47,12.00,393.69,397.01,-0.19,-0.01
5.91,3.93,3.75,1.10,6.07,461.77,404.97,0.79,0.14
5.98,4.00,3.73,3.81,7.17,486.00,396.97,0.74,0.22
6.05,3.97,3.77,4.46,6.31,476.74,413.10,0.78,0.15
6.11,3.92,3.80,4.66,5.47,459.13,421.20,0.82,0.09
6.18,3.88,3.80,4.65,6.11,446.74,421.20,0.79,0.06
6.25,3.83,3.82,4.66,12.00,430.68,426.76,0.20,0.01
6.31,3.80,3.82,4.64,12.00,422.66,429.30,-0.33,-0.02
6.38,3.87,3.80,4.66,7.14,443.57,421.20,0.76,0.05
6.45,3.99,3.82,4.67,6.32,482.66,429.30,0.80,0.12
6.51,3.97,3.84,4.65,5.97,477.88,435.57,0.82,0.10
6.58,3.93,3.88,4.66,9.56,461.70,445.50,0.64,0.04
6.65,3.87,3.88,1.09,12.00,445.02,445.50,-0.02,-0.00
6.72,3.90,3.88,3.80,12.00,453.43,445.50,0.38,0.02
6.78,4.00,3.89,4.46,6.37,486.02,450.80,0.82,0.08
6.85,4.08,3.93,1.04,6.46,512.21,461.70,0.81,0.11
6.92,4.04,3.93,3.79,6.39,498.40,463.30,0.82,0.08
6.98,3.98,3.93,4.46,10.18,477.90,461.70,0.63,0.04
7.05,3.98,3.97,1.02,12.00,477.90,475.93,0.09,0.00
7.12,3.97,3.96,3.79,12.00,475.03,474.27,0.04,0.00
7.18,4.05,3.95,4.46,6.99,502.26,469.89,0.81,0.07
7.25,4.20,3.99,1.02,7.40,550.80,481.55,0.79,0.14
7.32,4.15,3.99,3.78,6.84,534.50,483.17,0.81,0.11
7.38,4.06,4.00,4.45,10.52,503.93,486.66,0.63,0.04
7.45,4.06,4.05,1.11,12.00,505.85,502.20,0.16,0.01
7.52,4.06,4.03,3.81,12.00,506.37,494.10,0.50,0.02
7.59,4.18,4.06,4.46,7.22,542.70,506.85,0.81,0.07
7.65,4.28,4.06,1.10,7.54,575.10,506.93,0.79,0.13
7.72,4.30,4.09,3.81,7.50,583.20,515.44,0.80,0.13
7.79,4.23,4.10,4.46,7.05,559.64,518.40,0.82,0.08
7.85,4.20,4.14,4.65,10.78,550.80,531.84,0.63,0.04
7.92,4.13,4.12,4.66,12.00,526.50,525.50,0.04,0.00
7.99,4.15,4.15,4.67,12.00,534.60,534.60,0.00,0.00
8.05,4.30,4.18,1.16,7.59,583.20,542.99,0.81,0.07
8.12,4.34,4.18,3.83,7.50,596.15,542.70,0.82,0.10
8.19,4.35,4.20,4.46,7.44,599.40,550.80,0.82,0.09
8.25,4.33,4.25,1.11,9.89,591.30,567.00,0.70,0.04
8.32,4.21,4.20,3.81,12.00,554.65,550.80,0.16,0.01
8.39,4.23,4.21,4.46,12.00,558.90,553.92,0.20,0.01
8.46,4.35,4.25,1.10,8.67,599.40,566.99,0.78,0.06
8.52,4.38,4.25,3.81,7.99,607.50,566.99,0.81,0.07
8.59,4.36,4.28,4.46,9.28,604.23,575.27,0.75,0.05
8.66,4.35,4.29,1.10,12.00,599.40,580.16,0.61,0.03
8.72,4.28,4.30,3.81,12.00,575.10,584.10,-0.33,-0.02
8.79,4.34,4.28,4.46,11.56,596.72,575.16,0.65,0.04
8.86,4.39,4.33,4.60,11.67,613.80,591.81,0.65,0.04
8.92,4.45,4.35,4.64,9.30,632.28,599.40,0.77,0.05
8.99,4.50,4.35,4.66,8.26,649.20,599.36,0.82,0.08
9.06,4.48,4.38,4.65,9.63,639.90,608.68,0.75,0.05
9.12,4.42,4.41,4.65,12.00,620.95,617.79,0.12,0.01
9.19,4.40,4.38,4.67,12.00,615.60,607.50,0.29,0.01
9.26,4.49,4.40,4.65,10.51,644.24,615.60,0.72,0.05
9.33,4.48,4.42,4.67,12.00,639.90,621.42,0.56,0.03
9.39,4.50,4.43,4.65,12.00,648.00,624.97,0.65,0.04
9.46,4.52,4.42,4.65,10.22,654.92,623.70,0.75,0.05
9.53,4.53,4.47,4.67,12.00,656.10,639.76,0.51,0.03
9.59,4.60,4.50,1.08,10.30,680.40,647.88,0.75,0.05
9.66,4.57,4.50,3.79,12.00,670.11,648.00,0.62,0.03
9.73,4.62,4.49,4.45,9.33,686.99,645.75,0.80,0.06
9.79,4.63,4.55,1.10,12.00,688.50,663.38,0.66,0.04
9.86,4.60,4.55,3.81,12.00,680.40,664.03,0.49,0.02
9.93,4.60,4.57,4.46,12.00,680.40,672.30,0.26,0.01
10.00,4.65,4.60,4.65,12.00,696.60,680.40,0.48,0.02
10.06,4.67,4.57,4.65,10.94,704.66,672.30,0.73,0.05
10.13,4.67,4.62,4.66,12.00,704.68,687.07,0.51,0.03
10.20,4.69,4.63,4.65,12.00,709.41,688.50,0.57,0.03
10.26,4.66,4.63,4.67,12.00,699.71,690.42,0.29,0.01
10.33,4.72,4.66,4.70,12.00,720.38,699.52,0.57,0.03
10.40,4.73,4.69,4.68,12.00,720.90,709.24,0.35,0.02
10.46,4.73,4.67,4.65,12.00,720.90,701.79,0.53,0.03
10.53,4.75,4.67,4.65,12.00,729.44,704.68,0.63,0.04
10.60,4.75,4.69,4.66,12.00,729.02,708.74,0.55,0.03
10.66,4.78,4.72,4.65,12.00,737.10,720.39,0.47,0.02
10.73,4.81,4.73,4.66,12.00,747.73,721.91,0.63,0.04
10.80,4.78,4.75,4.65,12.00,737.10,729.00,0.24,0.01
10.87,4.80,4.73,4.65,12.00,745.00,720.96,0.61,0.03
10.93,4.82,4.76,4.66,12.00,753.30,733.47,0.53,0.03
11.00,4.82,4.76,4.64,12.00,753.30,731.88,0.56,0.03
11.07,4.82,4.80,4.66,12.00,753.28,746.39,0.20,0.01
11.13,4.84,4.78,4.65,12.00,759.58,737.10,0.57,0.03
11.20,4.85,4.80,4.65,12.00,761.40,744.30,0.47,0.02
11.27,4.85,4.82,4.66,12.00,761.40,753.29,0.24,0.01
11.33,4.87,4.85,4.65,12.00,769.26,761.40,0.23,0.01
11.40,4.88,4.81,4.67,12.00,769.50,749.10,0.53,0.03
11.47,4.86,4.84,4.65,12.00,766.11,756.93,0.27,0.01
11.54,4.86,4.84,4.65,12.00,764.46,758.95,0.16,0.01
11.60,4.89,4.85,4.66,12.00,774.82,761.40,0.37,0.02
11.67,4.89,4.85,4.65,12.00,774.72,761.40,0.37,0.02
11.74,4.87,4.85,4.66,12.00,769.49,761.40,0.23,0.01
11.80,4.90,4.87,4.65,12.00,778.15,768.61,0.27,0.01
11.87,4.88,4.88,4.65,12.00,769.50,769.50,0.00,0.00
11.94,4.93,4.88,4.67,12.00,785.70,769.50,0.43,0.02
12.00,4.92,4.90,4.65,12.00,782.69,777.38,0.15,0.01
12.07,4.90,4.90,4.65,12.00,777.51,776.47,0.03,0.00
12.14,4.88,4.90,4.66,12.00,770.94,778.24,-0.21,-0.01
12.21,4.93,4.88,4.65,12.00,788.15,769.52,0.49,0.02
12.27,4.91,4.89,4.67,12.00,780.13,774.12,0.17,0.01
12.34,4.93,4.93,4.65,12.00,785.70,785.70,0.00,0.00
12.41,4.94,4.93,4.64,12.00,789.25,785.70,0.10,0.00
12.47,4.90,4.93,4.66,12.00,777.62,785.70,-0.23,-0.01
12.54,4.95,4.91,4.65,12.00,793.74,779.23,0.39,0.02
12.61,4.93,4.93,4.65,12.00,788.34,787.15,0.03,0.00
12.67,4.93,4.92,4.66,12.00,785.70,785.67,0.00,0.00
12.74,4.95,4.93,4.65,12.00,792.80,785.70,0.20,0.01
12.81,4.97,4.93,4.67,12.00,801.89,785.70,0.43,0.02
12.88,4.95,4.95,4.65,12.00,792.24,793.80,-0.04,-0.00
12.94,4.93,4.94,4.67,12.00,785.70,791.51,-0.16,-0.01
13.01,4.94,4.93,4.65,12.00,790.80,788.24,0.07,0.00
13.08,4.95,4.93,4.65,12.00,793.66,785.80,0.22,0.01
13.14,4.95,4.95,4.66,12.00,792.65,793.80,-0.03,-0.00
13.21,4.98,4.95,4.65,12.00,801.90,793.80,0.23,0.01
13.28,4.96,4.94,4.66,12.00,796.37,791.61,0.14,0.01
13.34,4.97,4.93,4.65,12.00,798.98,788.27,0.30,0.01
13.41,4.95,4.95,4.64,12.00,793.80,793.80,0.00,0.00
13.48,4.95,4.96,4.66,12.00,793.80,797.22,-0.10,-0.00
13.54,4.96,4.95,4.65,12.00,797.57,793.80,0.11,0.00
13.61,4.99,4.95,4.65,12.00,805.91,793.80,0.33,0.02
13.68,4.95,4.96,4.66,12.00,793.87,796.18,-0.07,-0.00
13.75,4.98,4.95,4.65,12.00,801.90,793.66,0.23,0.01
13.81,4.97,4.97,4.66,12.00,799.85,801.23,-0.04,-0.00
13.88,4.97,4.95,4.65,12.00,799.68,793.80,0.17,0.01
13.95,4.98,4.96,4.65,12.00,801.90,796.38,0.16,0.01
14.01,4.98,4.96,4.66,12.00,802.79,797.56,0.15,0.01
14.08,4.98,4.95,4.65,12.00,801.90,793.80,0.23,0.01
14.15,4.97,4.95,4.66,12.00,800.04,793.80,0.18,0.01
14.21,4.95,4.97,4.65,12.00,793.80,801.55,-0.21,-0.01
14.28,4.98,4.98,4.65,12.00,801.90,803.14,-0.04,-0.00
14.35,4.97,4.95,4.66,12.00,801.89,793.80,0.23,0.01
14.42,4.99,4.95,4.65,12.00,807.71,793.80,0.37,0.02
14.48,5.00,4.96,4.67,12.00,810.00,795.72,0.38,0.02
14.55,4.98,4.98,4.66,12.00,802.06,801.90,0.00,0.00
14.62,5.00,4.98,4.65,12.00,810.00,804.24,0.16,0.01
14.68,4.95,4.98,4.67,12.00,793.84,804.10,-0.28,-0.01
14.75,4.99,4.97,4.65,12.00,808.31,799.55,0.24,0.01
14.82,4.99,5.00,4.67,12.00,806.17,809.47,-0.09,-0.00
14.88,4.95,5.00,4.65,12.00,795.12,810.00,-0.39,-0.02
14.95,4.95,4.98,4.65,12.00,793.80,802.03,-0.23,-0.01
15.02,5.00,4.98,4.66,12.00,809.18,801.90,0.20,0.01
15.09,5.00,4.98,4.65,12.00,810.00,802.72,0.20,0.01
15.15,4.95,5.00,4.66,12.00,795.34,810.00,-0.38,-0.02
15.22,5.00,4.97,4.65,12.00,808.57,799.49,0.25,0.01
15.29,5.00,4.95,4.65,12.00,810.00,793.80,0.42,0.02
15.35,5.00,4.97,4.67,12.00,810.00,801.89,0.22,0.01
15.42,4.98,5.00,4.65,12.00,804.97,809.91,-0.14,-0.01
15.49,4.98,4.98,4.66,12.00,804.47,801.90,0.07,0.00
15.55,5.00,4.95,4.65,12.00,810.00,795.18,0.39,0.02
15.62,5.00,4.99,4.65,12.00,809.00,805.30,0.10,0.00
15.69,4.98,5.00,4.67,12.00,801.90,810.00,-0.22,-0.01
15.76,4.98,4.98,4.65,12.00,804.15,801.91,0.06,0.00
15.82,5.00,4.95,4.66,12.00,810.00,795.27,0.39,0.02
15.89,4.98,4.97,4.65,12.00,804.15,801.88,0.06,0.00
15.96,4.96,5.00,4.65,12.00,798.65,808.85,-0.28,-0.01
16.02,4.98,4.98,4.66,12.00,803.52,801.93,0.04,0.00
16.09,5.00,4.96,4.65,12.00,809.60,798.30,0.31,0.01
16.16,4.98,4.98,4.66,12.00,803.06,801.90,0.03,0.00
16.22,4.97,5.00,4.65,12.00,798.88,808.58,-0.26,-0.01
16.29,4.96,4.99,4.65,12.00,795.67,806.74,-0.30,-0.01
16.36,5.00,4.96,4.66,12.00,809.94,797.03,0.35,0.02
16.43,5.00,4.98,4.65,12.00,810.00,801.90,0.22,0.01
16.49,4.99,4.98,4.67,12.00,805.73,801.90,0.11,0.00
16.56,4.98,4.98,4.64,12.00,801.90,804.10,-0.06,-0.00
16.63,4.98,4.98,4.65,12.00,801.90,802.66,-0.02,-0.00
16.69,5.00,4.98,4.65,12.00,809.94,801.90,0.22,0.01
16.76,4.99,4.99,4.65,12.00,807.42,808.18,-0.02,-0.00
16.83,4.98,5.00,4.66,12.00,802.99,809.97,-0.19,-0.01
16.89,5.00,4.97,4.65,12.00,809.11,798.81,0.28,0.01
16.96,5.00,4.96,4.67,12.00,810.00,797.85,0.33,0.02
17.03,4.98,4.99,4.65,12.00,802.19,807.93,-0.16,-0.01
17.10,4.96,5.00,4.65,12.00,796.40,809.95,-0.36,-0.02
17.16,4.99,4.98,4.67,12.00,805.54,801.90,0.10,0.00
17.23,5.00,4.96,4.65,12.00,809.99,796.06,0.37,0.02
17.30,5.00,4.98,4.66,12.00,810.00,802.64,0.20,0.01
17.36,4.95,5.00,4.65,12.00,794.14,810.00,-0.41,-0.02
17.43,4.97,4.98,4.65,12.00,801.88,804.63,-0.08,-0.00
17.50,4.97,4.98,4.67,12.00,798.84,801.90,-0.09,-0.00
17.56,4.99,4.97,4.65,12.00,806.71,800.78,0.17,0.01
17.63,4.98,5.00,4.67,12.00,801.90,810.00,-0.22,-0.01
17.70,4.97,4.99,4.65,12.00,801.53,806.33,-0.13,-0.01
17.76,5.00,4.96,4.65,12.00,809.98,796.59,0.36,0.02
17.83,4.98,4.98,4.67,12.00,802.79,801.90,0.03,0.00
17.90,4.99,5.00,4.65,12.00,806.71,808.88,-0.06,-0.00
17.97,4.99,4.98,4.67,12.00,808.37,801.92,0.18,0.01
18.03,5.00,4.96,4.65,12.00,809.99,796.86,0.35,0.02
18.10,4.99,4.98,4.65,12.00,806.84,801.90,0.14,0.01
18.17,4.99,4.97,4.67,12.00,807.01,798.72,0.23,0.01
18.23,5.00,4.98,4.65,12.00,809.49,802.75,0.19,0.01
18.30,4.98,4.98,4.67,12.00,803.32,801.93,0.04,0.00
18.37,5.00,4.96,4.65,12.00,810.00,798.20,0.32,0.01
18.43,4.98,4.98,4.64,12.00,802.05,801.90,0.00,0.00
18.50,4.98,4.99,4.67,12.00,801.90,805.67,-0.11,-0.00
18.57,4.98,4.98,4.65,12.00,801.90,802.78,-0.02,-0.00
18.64,5.00,4.98,4.67,12.00,810.00,801.90,0.22,0.01
18.70,5.00,4.99,1.25,12.00,810.00,806.14,0.11,0.00
18.77,4.98,4.98,3.84,12.00,801.90,804.52,-0.07,-0.00
18.84,4.98,4.98,4.47,12.00,801.90,803.06,-0.03,-0.00
18.90,5.00,4.97,4.61,12.00,809.45,799.22,0.28,0.01
18.97,4.98,5.00,4.66,12.00,801.92,809.16,-0.20,-0.01
19.04,4.97,5.00,4.65,12.00,799.66,810.00,-0.28,-0.01
19.10,4.99,4.98,4.67,12.00,806.70,801.90,0.13,0.01
19.17,5.00,4.96,4.65,12.00,810.00,796.96,0.35,0.02
19.24,4.98,4.98,4.64,12.00,802.70,801.90,0.02,0.00
19.31,4.98,4.99,4.66,12.00,801.90,805.62,-0.10,-0.00
19.37,4.97,4.98,4.65,12.00,801.85,804.95,-0.09,-0.00
19.44,4.99,4.95,4.67,12.00,808.33,795.34,0.35,0.02
19.51,4.99,4.97,4.65,12.00,805.61,801.67,0.11,0.00
19.57,4.99,5.00,4.65,12.00,806.86,808.74,-0.05,-0.00
19.64,4.97,4.99,4.66,12.00,801.84,805.23,-0.09,-0.00
19.71,4.97,4.98,4.65,12.00,799.92,801.90,-0.06,-0.00
19.77,5.00,4.98,4.67,12.00,810.00,804.49,0.15,0.01
19.84,4.96,5.00,4.66,12.00,797.55,809.76,-0.32,-0.02
19.91,4.98,4.98,4.65,12.00,801.90,804.01,-0.06,-0.00
19.98,5.00,4.96,4.67,12.00,810.00,795.72,0.38,0.02
20.04,5.00,4.98,4.65,12.00,810.00,804.06,0.17,0.01
20.11,4.98,5.00,4.65,12.00,804.42,809.97,-0.15,-0.01
20.18,4.98,4.98,4.66,12.00,801.96,801.99,-0.00,-0.00
20.24,4.98,4.98,4.65,12.00,801.90,802.72,-0.02,-0.00
20.31,4.98,4.98,4.67,12.00,804.09,801.90,0.06,0.00
20.38,4.98,4.98,4.65,12.00,801.90,804.05,-0.06,-0.00
20.44,4.98,4.98,4.67,12.00,801.90,803.10,-0.03,-0.00
20.51,4.97,4.98,4.65,12.00,799.16,801.90,-0.08,-0.00
20.58,5.00,4.97,4.65,12.00,810.00,801.10,0.24,0.01
20.65,4.98,5.00,4.67,12.00,803.51,810.00,-0.18,-0.01
20.71,4.95,5.00,4.65,12.00,794.05,810.00,-0.41,-0.02
20.78,5.00,4.96,4.66,12.00,809.80,797.81,0.32,0.02
20.85,5.00,4.98,4.65,12.00,809.99,801.90,0.22,0.01
20.91,5.00,5.00,4.65,12.00,809.99,809.10,0.03,0.00
20.98,4.96,5.00,4.67,12.00,798.34,809.92,-0.31,-0.01
21.05,4.98,4.98,4.65,12.00,801.90,804.71,-0.08,-0.00
21.11,4.98,4.96,4.66,12.00,801.90,797.67,0.12,0.01
21.18,5.00,4.98,1.84,12.00,810.00,801.90,0.22,0.01
21.25,4.95,5.00,3.97,12.00,794.43,810.00,-0.40,-0.02
21.32,4.97,4.98,4.50,12.00,801.46,802.38,-0.03,-0.00
21.38,4.97,4.98,4.61,12.00,800.13,801.90,-0.05,-0.00
21.45,4.99,4.95,4.66,12.00,805.64,793.80,0.32,0.01
21.52,4.99,5.00,4.65,12.00,805.47,809.81,-0.12,-0.01
21.58,4.98,4.98,4.66,12.00,801.90,803.90,-0.06,-0.00
21.65,5.00,4.98,4.65,12.00,809.51,801.90,0.21,0.01
21.72,5.00,4.99,4.65,12.00,809.73,806.41,0.09,0.00
21.78,4.98,5.00,4.67,12.00,801.90,810.00,-0.22,-0.01
21.85,4.98,4.98,4.65,12.00,801.90,802.86,-0.03,-0.00
21.92,4.99,4.98,4.66,12.00,807.66,801.90,0.16,0.01
21.99,4.99,4.97,4.65,12.00,807.91,799.81,0.22,0.01
22.05,4.96,5.00,4.65,12.00,797.85,809.60,-0.31,-0.01
22.12,4.96,4.98,4.66,12.00,797.27,801.90,-0.13,-0.01
22.19,5.00,4.96,4.66,12.00,809.99,797.49,0.34,0.02
22.25,5.00,4.96,4.67,12.00,810.00,797.78,0.33,0.02
22.32,5.00,5.00,4.65,12.00,810.00,810.00,0.00,0.00
22.39,4.96,5.00,4.65,12.00,796.36,810.00,-0.36,-0.02
22.45,4.98,4.98,4.66,12.00,801.90,803.21,-0.04,-0.00
22.52,5.00,4.97,4.65,12.00,809.85,799.02,0.29,0.01
22.59,4.99,5.00,4.64,12.00,805.18,809.88,-0.13,-0.01
22.65,5.00,4.99,4.66,12.00,810.00,806.41,0.10,0.00
22.72,4.99,4.97,4.65,12.00,808.27,800.01,0.23,0.01
22.79,5.00,4.96,4.67,12.00,809.97,796.69,0.36,0.02
22.86,4.96,5.00,4.65,12.00,795.98,809.98,-0.37,-0.02
22.92,4.98,5.00,4.65,12.00,801.90,809.83,-0.22,-0.01
22.99,4.97,4.99,4.67,12.00,801.84,805.15,-0.09,-0.00
23.06,5.00,4.98,4.65,12.00,809.59,801.90,0.21,0.01
23.12,4.99,4.98,4.66,12.00,807.27,801.90,0.15,0.01
23.19,4.96,5.00,4.65,12.00,797.45,810.00,-0.33,-0.02
23.26,4.99,4.97,4.65,12.00,807.51,801.89,0.16,0.01
23.32,4.98,4.96,4.67,12.00,801.90,797.93,0.11,0.00
23.39,4.99,4.97,4.65,12.00,806.10,801.40,0.13,0.01
23.46,4.98,4.99,4.66,12.00,801.90,805.60,-0.10,-0.00
23.53,4.97,4.98,4.65,12.00,801.88,804.33,-0.07,-0.00
23.59,5.00,4.96,4.65,12.00,809.99,796.10,0.37,0.02
23.66,5.00,4.99,4.66,12.00,808.65,807.53,0.03,0.00
23.73,4.99,4.99,4.64,12.00,808.17,807.70,0.01,0.00
23.79,4.98,4.98,4.66,12.00,801.90,803.37,-0.04,-0.00
23.86,5.00,4.95,4.65,12.00,810.00,793.98,0.42,0.02
23.93,4.98,4.98,4.65,12.00,802.70,801.90,0.02,0.00
23.99,4.99,5.00,4.67,12.00,806.60,808.99,-0.07,-0.00
24.06,4.98,4.98,4.65,12.00,801.90,803.64,-0.05,-0.00
24.13,4.98,4.98,4.66,12.00,801.90,802.22,-0.01,-0.00
24.20,4.98,4.97,4.65,12.00,804.20,801.88,0.07,0.00
24.26,4.97,5.00,4.65,12.00,801.86,810.00,-0.22,-0.01
24.33,4.97,5.00,4.66,12.00,800.88,810.00,-0.25,-0.01
24.40,4.96,4.98,4.65,12.00,798.10,801.90,-0.11,-0.00
24.46,5.00,4.97,4.66,12.00,810.00,801.52,0.23,0.01
24.53,5.00,4.98,4.65,12.00,810.00,801.90,0.22,0.01
24.60,4.97,5.00,4.65,12.00,799.17,810.00,-0.29,-0.01
24.66,5.00,4.97,4.65,12.00,809.11,798.88,0.28,0.01
24.73,5.00,4.98,4.65,12.00,809.92,801.90,0.22,0.01
24.80,4.99,5.00,4.66,12.00,806.18,809.44,-0.09,-0.00
24.87,4.98,4.99,4.65,12.00,801.90,807.63,-0.16,-0.01
24.93,4.97,4.99,4.65,12.00,801.72,805.85,-0.12,-0.01
25.00,5.00,4.98,4.66,12.00,808.94,801.90,0.20,0.01
25.07,4.98,4.99,4.65,12.00,801.90,805.74,-0.11,-0.00
25.13,4.98,5.00,4.66,12.00,802.29,810.00,-0.21,-0.01
25.22,4.98,4.98,4.65,12.00,801.90,802.17,-0.01,-0.00
25.27,4.97,4.98,4.66,12.00,801.69,801.90,-0.01,-0.00
25.33,4.99,4.97,4.65,12.00,805.38,801.74,0.10,0.00
25.40,4.96,5.00,4.65,12.00,798.54,808.98,-0.28,-0.01
25.47,4.99,4.98,4.67,12.00,806.29,801.90,0.12,0.01
25.54,5.00,4.96,4.65,12.00,810.00,795.43,0.39,0.02
25.60,5.00,4.98,4.67,12.00,810.00,804.67,0.15,0.01
25.67,4.98,5.00,4.67,12.00,804.17,809.98,-0.16,-0.01
25.74,4.95,4.99,4.65,12.00,794.41,805.39,-0.30,-0.01
25.80,4.99,4.98,4.66,12.00,806.07,801.90,0.12,0.01
25.87,5.00,4.99,4.66,12.00,810.00,806.25,0.10,0.00
25.94,5.00,4.98,4.65,12.00,810.00,804.23,0.16,0.01
26.00,4.95,4.99,4.67,12.00,794.76,805.80,-0.30,-0.01
26.07,4.96,4.98,4.65,12.00,797.47,801.90,-0.12,-0.01
26.14,4.99,4.97,4.66,12.00,806.47,801.08,0.15,0.01
26.21,4.98,5.00,4.65,12.00,802.27,810.00,-0.21,-0.01
26.27,4.96,4.99,4.65,12.00,796.46,807.97,-0.31,-0.01
26.34,5.00,4.97,4.66,12.00,808.51,799.60,0.25,0.01
26.41,4.99,4.98,4.66,12.00,805.29,801.90,0.10,0.00
26.47,5.00,4.98,4.67,12.00,809.13,801.90,0.20,0.01
26.54,4.98,5.00,4.65,12.00,801.90,809.12,-0.20,-0.01
26.61,4.96,4.98,4.65,12.00,795.91,801.92,-0.17,-0.01
26.67,5.00,4.98,4.64,12.00,809.97,801.90,0.22,0.01
26.74,4.98,4.98,4.65,12.00,802.00,801.90,0.00,0.00
26.81,4.98,4.99,4.67,12.00,801.90,805.28,-0.09,-0.00
26.87,4.96,4.99,4.65,12.00,795.61,806.71,-0.30,-0.01
26.94,5.00,4.96,4.66,12.00,810.00,795.68,0.38,0.02
27.01,5.00,4.98,4.65,12.00,810.00,801.90,0.22,0.01
27.08,4.98,5.00,4.64,12.00,801.90,810.00,-0.22,-0.01
27.14,4.97,4.99,4.66,12.00,801.78,805.58,-0.11,-0.00
27.21,4.97,4.98,4.65,12.00,799.50,801.90,-0.07,-0.00
27.28,4.99,4.97,4.66,12.00,806.20,801.33,0.14,0.01
27.34,4.95,5.00,4.67,12.00,794.01,810.00,-0.41,-0.02
27.41,4.99,4.98,4.65,12.00,805.17,801.90,0.09,0.00
27.48,5.00,4.95,4.66,12.00,810.00,793.92,0.42,0.02
27.54,4.99,5.00,4.65,12.00,805.90,810.00,-0.11,-0.01
27.61,4.96,5.00,4.65,12.00,796.90,809.90,-0.34,-0.02
27.68,4.98,4.98,4.66,12.00,801.90,803.47,-0.04,-0.00
27.75,4.97,4.97,4.65,12.00,800.36,799.60,0.02,0.00
27.81,4.98,4.98,4.67,12.00,802.78,801.90,0.02,0.00
27.88,4.98,5.00,4.70,12.00,801.94,810.00,-0.22,-0.01
27.95,4.97,5.00,4.68,12.00,799.82,809.13,-0.25,-0.01
28.01,5.00,4.96,4.66,12.00,810.00,795.49,0.38,0.02
28.08,4.99,4.97,4.65,12.00,805.77,801.60,0.12,0.01
28.15,4.96,5.00,4.66,12.00,797.53,809.75,-0.33,-0.02
28.21,4.96,5.00,4.65,12.00,798.58,810.00,-0.31,-0.01
28.28,4.99,4.97,4.67,12.00,807.74,801.62,0.17,0.01
28.35,4.98,4.96,4.65,12.00,801.90,798.14,0.11,0.00
28.42,4.99,5.00,4.65,12.00,805.87,809.64,-0.11,-0.00
28.48,4.95,5.00,4.67,12.00,794.88,810.00,-0.39,-0.02
28.55,4.99,4.98,4.65,12.00,805.63,801.90,0.10,0.00
28.62,5.00,4.95,4.65,12.00,810.00,794.69,0.40,0.02
28.68,4.99,4.98,4.66,12.00,806.29,801.90,0.12,0.01
28.75,4.95,5.00,4.65,12.00,795.22,809.99,-0.38,-0.02
28.82,5.00,4.97,4.66,12.00,808.58,799.41,0.25,0.01
28.88,5.00,4.98,4.65,12.00,809.83,801.90,0.22,0.01
28.95,4.98,4.98,4.65,12.00,802.59,801.90,0.02,0.00
29.02,4.96,5.00,4.66,12.00,795.70,810.00,-0.37,-0.02
29.09,4.98,4.98,4.65,12.00,801.90,803.59,-0.05,-0.00
29.15,4.99,4.98,4.66,12.00,808.29,801.90,0.18,0.01
29.22,5.00,4.97,4.65,12.00,810.00,801.88,0.22,0.01
29.29,4.98,5.00,4.65,12.00,801.97,810.00,-0.22,-0.01
29.35,4.99,4.98,4.67,12.00,805.91,801.90,0.11,0.00
29.42,5.00,4.96,4.65,12.00,809.93,797.11,0.34,0.02
29.49,4.99,4.97,4.66,12.00,807.70,799.87,0.22,0.01
29.55,4.98,5.00,4.65,12.00,801.90,810.00,-0.22,-0.01
29.62,4.98,4.98,4.65,12.00,801.90,804.37,-0.07,-0.00
29.69,5.00,4.95,4.67,12.00,810.00,794.81,0.40,0.02
29.76,4.98,4.97,4.65,12.00,803.68,801.80,0.05,0.00
29.82,4.98,5.00,4.67,12.00,803.52,809.99,-0.18,-0.01
29.89,4.97,5.00,4.65,12.00,799.45,810.00,-0.28,-0.01
29.96,4.98,4.98,4.65,12.00,801.90,803.32,-0.04,-0.00
30.02,5.00,4.95,4.65,12.00,810.00,793.80,0.42,0.02
30.09,4.98,5.00,4.65,12.00,803.95,809.98,-0.17,-0.01
30.16,4.98,4.99,4.66,12.00,801.90,805.23,-0.09,-0.00
30.22,4.95,4.98,4.64,12.00,793.80,802.45,-0.24,-0.01
30.29,5.00,4.95,4.67,12.00,810.00,794.22,0.41,0.02
30.36,4.98,4.99,4.71,12.00,801.90,806.57,-0.13,-0.01
30.43,4.98,5.00,4.66,12.00,801.95,810.00,-0.22,-0.01
30.49,4.99,4.98,4.67,12.00,805.74,801.90,0.11,0.00
30.56,4.98,4.95,4.65,12.00,801.90,794.93,0.20,0.01
30.63,5.00,4.99,4.66,12.00,810.00,806.13,0.11,0.00
30.69,4.96,5.00,4.65,12.00,796.85,810.00,-0.35,-0.02
30.76,4.95,4.98,4.65,12.00,793.80,803.16,-0.26,-0.01
30.83,5.00,4.95,4.67,12.00,810.00,793.80,0.42,0.02
30.89,5.00,4.97,4.65,12.00,810.00,801.89,0.22,0.01
30.96,4.98,5.00,4.66,12.00,805.11,809.89,-0.13,-0.01
31.03,4.97,4.99,4.65,12.00,801.49,806.37,-0.14,-0.01
31.09,5.00,4.95,4.65,12.00,810.00,795.40,0.39,0.02
31.16,4.98,5.00,4.67,12.00,804.25,809.98,-0.16,-0.01
31.23,4.99,5.00,4.66,12.00,807.00,808.59,-0.04,-0.00
31.30,4.97,4.99,4.65,12.00,801.81,805.39,-0.10,-0.00
31.36,5.00,4.96,4.67,12.00,810.00,795.74,0.38,0.02
31.43,5.00,4.98,4.65,12.00,810.00,803.66,0.18,0.01
31.50,4.98,4.98,4.66,12.00,801.90,804.13,-0.06,-0.00
31.56,4.97,5.00,1.08,12.00,798.96,810.00,-0.30,-0.01
31.63,4.98,4.98,3.80,12.00,801.90,802.00,-0.00,-0.00
31.70,4.99,4.97,4.44,12.00,806.57,800.93,0.16,0.01
31.76,4.97,4.99,4.60,12.00,800.58,807.50,-0.19,-0.01
31.83,4.95,5.00,4.65,12.00,794.20,810.00,-0.41,-0.02
31.90,4.97,4.98,4.64,12.00,801.87,804.79,-0.08,-0.00
31.97,4.97,4.98,4.65,12.00,801.65,801.90,-0.01,-0.00
32.03,4.98,4.99,4.65,12.00,801.90,805.16,-0.09,-0.00
32.10,4.95,5.00,4.65,12.00,794.55,810.00,-0.40,-0.02
32.17,4.95,4.98,4.67,12.00,795.27,801.93,-0.19,-0.01
32.23,4.97,4.98,4.66,12.00,801.41,801.90,-0.01,-0.00
32.30,4.98,4.98,4.67,12.00,802.07,801.90,0.00,0.00
32.37,4.96,5.00,4.65,12.00,797.15,809.68,-0.33,-0.02
32.43,4.97,4.99,4.64,12.00,801.77,805.69,-0.11,-0.00
32.50,4.98,4.98,4.66,12.00,802.88,801.90,0.03,0.00
32.57,4.98,4.99,4.65,12.00,803.59,805.85,-0.06,-0.00
32.64,4.97,5.00,4.67,12.00,801.46,810.00,-0.23,-0.01
32.70,4.97,4.99,4.65,12.00,800.32,807.88,-0.21,-0.01
32.77,5.00,4.95,4.67,12.00,808.57,795.15,0.36,0.02
32.84,4.98,4.97,4.65,12.00,801.96,800.56,0.04,0.00
32.90,4.98,5.00,4.65,12.00,801.95,808.80,-0.19,-0.01
32.97,4.98,4.99,4.66,12.00,803.26,806.67,-0.10,-0.00
33.04,4.96,4.98,4.65,12.00,795.57,801.92,-0.18,-0.01
33.10,5.00,4.98,4.67,12.00,810.00,801.90,0.22,0.01
33.17,4.99,5.00,4.65,12.00,805.92,809.61,-0.10,-0.00
33.24,4.98,4.98,4.64,12.00,801.90,803.10,-0.03,-0.00
33.31,4.99,4.96,4.66,12.00,807.20,796.21,0.30,0.01
33.37,5.00,4.98,4.65,12.00,809.98,801.90,0.22,0.01
33.44,4.98,5.00,4.66,12.00,802.42,810.00,-0.21,-0.01
33.51,4.96,5.00,1.08,12.00,795.95,810.00,-0.37,-0.02
33.57,4.97,4.98,3.80,12.00,801.86,804.92,-0.09,-0.00
33.64,5.00,4.97,4.46,12.00,810.00,801.85,0.22,0.01
33.71,4.98,4.98,4.60,12.00,802.95,801.90,0.03,0.00
33.77,4.98,5.00,4.65,12.00,802.85,810.00,-0.20,-0.01
33.84,4.99,4.98,4.65,12.00,806.67,801.90,0.13,0.01
33.91,5.00,4.98,4.65,12.00,809.32,801.90,0.21,0.01
33.98,5.00,4.99,4.67,12.00,809.57,806.10,0.10,0.00
34.04,4.96,5.00,4.65,12.00,798.00,809.49,-0.31,-0.01
34.11,4.98,4.98,4.67,12.00,801.90,803.21,-0.04,-0.00
34.18,4.99,4.98,4.65,12.00,807.03,801.90,0.14,0.01
34.24,5.00,4.97,4.65,12.00,810.00,801.89,0.22,0.01
34.31,4.98,5.00,4.66,12.00,801.90,810.00,-0.22,-0.01
34.38,4.98,4.98,4.65,12.00,801.90,802.46,-0.02,-0.00
34.44,4.97,4.98,4.67,12.00,799.94,801.90,-0.06,-0.00
34.51,5.00,4.98,4.66,12.00,810.00,801.90,0.22,0.01
34.58,4.98,5.00,4.64,12.00,803.04,810.00,-0.19,-0.01
34.65,4.98,4.98,4.67,12.00,801.90,804.27,-0.07,-0.00
34.71,4.99,4.98,4.65,12.00,805.72,801.90,0.11,0.00
34.78,4.99,4.98,4.66,12.00,807.84,802.68,0.14,0.01
34.85,4.99,5.00,4.65,12.00,806.26,809.35,-0.09,-0.00
34.91,4.98,4.98,4.65,12.00,801.90,804.75,-0.08,-0.00
34.98,4.98,4.97,4.66,12.00,801.90,799.72,0.06,0.00
35.05,5.00,4.96,4.65,12.00,810.00,797.09,0.35,0.02
35.11,4.98,4.98,4.66,12.00,801.94,801.90,0.00,0.00
35.18,4.98,5.00,4.65,12.00,803.82,809.99,-0.17,-0.01
35.25,4.97,4.98,4.65,12.00,801.84,805.09,-0.09,-0.00
35.32,5.00,4.95,4.67,12.00,810.00,794.24,0.41,0.02
35.38,4.98,4.96,4.65,12.00,801.90,798.37,0.10,0.00
35.45,4.98,4.99,4.67,12.00,801.90,805.46,-0.10,-0.00
35.52,4.99,4.98,4.65,12.00,807.30,801.90,0.15,0.01
35.58,4.98,4.96,4.64,12.00,803.00,796.01,0.20,0.01
35.65,5.00,4.97,4.66,12.00,810.00,801.80,0.23,0.01
35.72,4.99,5.00,4.65,12.00,806.27,809.35,-0.09,-0.00
35.78,4.99,4.98,4.66,12.00,806.67,801.90,0.13,0.01
35.85,5.00,4.98,4.65,12.00,809.78,801.90,0.22,0.01
35.92,5.00,4.99,4.64,12.00,808.80,805.15,0.10,0.00
35.98,4.99,5.00,4.67,12.00,806.76,808.83,-0.06,-0.00
36.05,4.97,4.99,4.66,12.00,801.84,805.20,-0.09,-0.00
36.12,4.97,4.96,4.66,12.00,801.41,798.44,0.08,0.00
36.19,4.98,4.98,4.65,12.00,803.22,801.90,0.04,0.00
36.25,4.98,5.00,4.64,12.00,803.11,810.00,-0.19,-0.01
36.32,4.96,4.99,4.66,12.00,796.06,807.24,-0.30,-0.01
36.39,4.98,4.97,4.65,12.00,801.90,799.03,0.08,0.00
36.45,5.00,4.96,4.66,12.00,809.30,797.58,0.32,0.01
36.52,4.99,5.00,4.65,12.00,806.42,809.21,-0.08,-0.00
36.59,4.98,4.98,4.65,12.00,801.90,803.51,-0.05,-0.00
36.65,4.99,4.97,4.66,12.00,808.38,799.75,0.24,0.01
36.72,4.99,4.98,4.66,12.00,805.34,801.90,0.10,0.00
36.79,4.98,5.00,4.67,12.00,802.77,809.98,-0.20,-0.01
36.86,4.95,5.00,4.64,12.00,793.80,809.86,-0.41,-0.02
36.92,4.95,4.98,4.66,12.00,793.80,802.03,-0.23,-0.01
36.99,5.00,4.96,4.65,12.00,810.00,795.57,0.38,0.02
37.06,4.98,4.98,4.64,12.00,802.11,801.90,0.01,0.00
37.12,4.98,4.99,4.67,12.00,801.90,805.91,-0.11,-0.00
37.19,4.97,4.98,4.65,12.00,801.88,804.39,-0.07,-0.00
37.26,5.00,4.98,4.66,12.00,808.89,801.90,0.19,0.01
37.32,4.98,4.97,4.65,12.00,803.81,801.89,0.05,0.00
37.39,5.00,4.99,4.65,12.00,810.00,806.36,0.10,0.00
37.46,4.99,4.98,4.66,12.00,806.31,801.90,0.12,0.01
37.53,5.00,4.95,4.65,12.00,810.00,794.23,0.41,0.02
37.59,5.00,4.98,4.66,12.00,808.49,804.45,0.11,0.01
37.66,4.99,5.00,4.65,12.00,805.76,809.70,-0.11,-0.00
37.73,4.97,5.00,4.65,12.00,800.84,810.00,-0.25,-0.01
37.79,5.00,4.95,4.67,12.00,810.00,794.81,0.40,0.02
37.86,5.00,4.99,4.69,12.00,809.37,805.76,0.10,0.00
37.93,4.98,5.00,4.66,12.00,804.96,809.24,-0.12,-0.01
37.99,4.96,5.00,4.65,12.00,797.97,810.00,-0.32,-0.01
38.06,4.96,4.98,4.65,12.00,798.49,801.90,-0.10,-0.00
38.13,5.00,4.97,4.67,12.00,810.00,801.65,0.23,0.01
38.20,5.00,4.99,4.65,12.00,810.00,806.82,0.09,0.00
38.26,4.98,4.99,4.66,12.00,801.90,805.52,-0.10,-0.00
38.33,4.98,4.97,4.65,12.00,801.90,801.80,0.00,0.00
38.40,5.00,4.96,4.64,12.00,810.00,797.91,0.33,0.02
38.46,5.00,4.99,4.66,12.00,809.99,807.81,0.06,0.00
38.53,4.98,5.00,4.65,12.00,804.69,809.94,-0.15,-0.01
38.60,4.97,4.99,4.66,12.00,801.69,806.01,-0.12,-0.01
38.66,5.00,4.96,4.65,12.00,810.00,797.20,0.34,0.02
38.73,4.98,4.97,4.65,12.00,801.90,801.73,0.00,0.00
38.80,4.96,5.00,4.66,12.00,797.16,809.87,-0.34,-0.02
38.87,4.99,4.98,4.65,12.00,806.22,801.90,0.12,0.01
38.93,4.99,4.98,4.66,12.00,806.30,801.90,0.12,0.01
39.00,4.99,4.97,4.65,12.00,805.92,801.50,0.12,0.01
39.07,4.97,4.96,4.65,12.00,799.26,798.43,0.02,0.00
39.13,4.97,4.98,4.67,12.00,801.88,804.36,-0.07,-0.00
39.20,5.00,4.98,4.66,12.00,808.87,801.90,0.19,0.01
39.27,5.00,4.99,4.67,12.00,809.26,805.53,0.10,0.00
39.33,4.96,5.00,1.08,12.00,798.48,809.07,-0.29,-0.01
39.40,4.98,4.98,3.80,12.00,801.90,805.05,-0.09,-0.00
39.47,5.00,4.96,4.46,12.00,809.60,798.30,0.31,0.01
39.54,5.00,4.98,4.61,12.00,809.96,801.90,0.22,0.01
39.60,4.98,5.00,4.66,12.00,803.02,810.00,-0.19,-0.01
39.67,4.97,4.98,4.65,12.00,799.18,804.25,-0.14,-0.01
39.74,5.00,4.97,4.64,12.00,809.07,798.91,0.28,0.01
39.80,5.00,4.98,4.66,12.00,809.99,801.90,0.22,0.01
39.87,4.98,5.00,4.65,12.00,804.99,809.90,-0.14,-0.01
39.94,5.00,4.99,4.66,12.00,810.00,808.35,0.05,0.00
40.00,4.98,4.98,4.65,12.00,804.43,801.91,0.07,0.00
40.07,5.00,4.96,4.65,12.00,810.00,798.55,0.31,0.01
40.14,4.99,5.00,4.66,12.00,805.65,809.75,-0.11,-0.01
40.21,4.98,5.00,4.65,12.00,801.90,810.00,-0.22,-0.01
40.27,4.96,4.99,4.67,12.00,795.76,806.87,-0.30,-0.01
40.34,5.00,4.98,4.65,12.00,809.93,801.90,0.22,0.01
40.41,4.98,4.98,4.65,12.00,802.22,801.90,0.01,0.00
40.47,4.98,5.00,4.67,12.00,801.90,810.00,-0.22,-0.01
40.54,4.98,4.98,4.65,12.00,801.90,803.25,-0.04,-0.00
40.61,5.00,4.98,4.67,12.00,808.67,803.17,0.15,0.01
40.67,5.00,4.99,4.65,12.00,810.00,805.30,0.13,0.01
40.74,4.96,5.00,4.65,12.00,797.20,809.85,-0.34,-0.02
40.81,4.98,4.98,4.67,12.00,801.90,803.78,-0.05,-0.00
40.87,4.98,4.98,4.65,12.00,801.90,802.40,-0.01,-0.00
40.94,4.99,4.97,4.66,12.00,805.90,801.52,0.12,0.01
41.01,4.98,5.00,4.65,12.00,803.10,810.00,-0.19,-0.01
41.08,4.96,5.00,4.65,12.00,797.32,810.00,-0.34,-0.02
41.14,4.98,4.98,4.67,12.00,801.90,802.96,-0.03,-0.00
41.21,4.98,4.98,4.65,12.00,802.73,801.90,0.02,0.00
41.28,4.97,4.99,4.66,12.00,800.82,807.43,-0.18,-0.01
41.34,4.98,5.00,4.65,12.00,802.41,809.99,-0.21,-0.01
41.41,4.98,4.98,4.67,12.00,801.90,802.34,-0.01,-0.00
41.48,5.00,4.98,4.65,12.00,810.00,801.90,0.22,0.01
41.54,4.98,4.99,4.65,12.00,801.90,806.56,-0.13,-0.01
41.61,4.98,4.99,4.66,12.00,801.90,807.19,-0.15,-0.01
41.68,4.95,4.98,4.65,12.00,793.80,802.91,-0.25,-0.01
41.75,5.00,4.98,4.67,12.00,809.09,801.90,0.20,0.01
41.81,5.00,4.99,4.65,12.00,810.00,805.81,0.12,0.01
41.88,4.96,5.00,4.65,12.00,796.83,809.91,-0.35,-0.02
41.95,4.99,4.98,4.67,12.00,806.54,801.90,0.13,0.01
42.01,5.00,4.96,4.65,12.00,809.71,798.09,0.31,0.01
42.10,5.00,4.99,4.66,12.00,810.00,806.69,0.09,0.00
42.15,4.96,5.00,4.65,12.00,796.10,809.98,-0.36,-0.02
42.21,4.98,4.98,4.65,12.00,801.90,802.87,-0.03,-0.00
42.28,5.00,4.95,4.66,12.00,810.00,794.70,0.40,0.02
42.35,4.98,4.98,4.65,12.00,803.63,801.90,0.05,0.00
42.42,4.99,5.00,4.66,12.00,806.33,809.28,-0.08,-0.00
42.48,4.97,4.99,4.65,12.00,800.13,808.27,-0.22,-0.01
42.55,4.98,4.98,4.65,12.00,804.61,801.90,0.08,0.00
42.62,4.98,4.98,4.67,12.00,805.14,801.90,0.09,0.00
42.68,4.98,5.00,4.65,12.00,804.18,809.98,-0.16,-0.01
42.75,4.98,4.99,4.66,12.00,801.90,805.54,-0.10,-0.00
42.82,4.99,4.98,4.65,12.00,805.26,801.90,0.09,0.00
42.88,5.00,4.96,4.65,12.00,810.00,797.81,0.33,0.02
42.95,4.98,4.98,4.66,12.00,803.52,801.90,0.05,0.00
43.02,4.98,4.99,4.65,12.00,801.90,806.18,-0.12,-0.01
43.09,4.98,4.98,4.67,12.00,804.85,801.90,0.08,0.00
43.15,5.00,4.97,4.65,12.00,810.00,798.78,0.30,0.01
43.22,4.98,4.96,4.64,12.00,801.90,797.07,0.14,0.01
43.29,4.97,5.00,4.66,12.00,801.12,810.00,-0.24,-0.01
43.35,4.97,4.99,4.65,12.00,801.83,805.32,-0.10,-0.00
43.42,5.00,4.98,4.66,12.00,809.99,801.90,0.22,0.01
43.49,4.99,4.97,4.65,12.00,806.17,801.33,0.14,0.01
43.55,4.97,4.99,4.65,12.00,799.71,807.92,-0.22,-0.01
43.62,4.97,4.99,4.66,12.00,800.46,807.67,-0.20,-0.01
43.69,5.00,4.96,4.65,12.00,809.79,797.89,0.32,0.01
43.76,4.98,4.98,4.67,12.00,802.77,801.90,0.02,0.00
43.82,4.99,5.00,4.65,12.00,806.84,808.74,-0.05,-0.00
43.89,4.98,5.00,4.65,12.00,801.90,810.00,-0.22,-0.01
43.96,4.98,4.96,4.66,12.00,802.38,797.15,0.15,0.01
44.02,4.99,4.98,4.65,12.00,806.43,801.90,0.13,0.01
44.09,4.97,4.99,4.66,12.00,799.63,807.93,-0.23,-0.01
44.16,4.97,5.00,4.65,12.00,799.18,810.00,-0.29,-0.01
44.22,4.99,4.98,4.65,12.00,806.88,801.90,0.14,0.01
44.29,5.00,4.96,4.66,12.00,810.00,797.01,0.35,0.02
44.36,4.98,4.98,4.65,12.00,802.75,801.90,0.02,0.00
44.43,4.98,4.99,4.67,12.00,801.90,806.86,-0.14,-0.01
44.49,4.95,4.97,4.66,12.00,794.50,798.78,-0.12,-0.01
44.56,5.00,4.95,4.65,12.00,810.00,794.67,0.40,0.02
44.63,4.98,4.97,4.67,12.00,803.61,801.89,0.05,0.00
44.69,4.96,5.00,4.65,12.00,795.51,809.99,-0.38,-0.02
44.76,4.97,4.99,4.66,12.00,801.47,806.42,-0.14,-0.01
44.83,5.00,4.96,4.65,12.00,810.00,795.53,0.38,0.02
44.89,4.99,4.98,4.65,12.00,806.67,801.90,0.13,0.01
44.96,4.95,5.00,4.66,12.00,795.08,810.00,-0.39,-0.02
45.03,4.96,5.00,4.65,12.00,797.08,810.00,-0.34,-0.02
45.10,4.97,4.98,4.67,12.00,798.89,801.90,-0.08,-0.00
45.16,4.99,4.97,4.65,12.00,806.82,800.63,0.17,0.01
45.23,4.97,4.99,4.64,12.00,801.86,807.03,-0.14,-0.01
45.30,4.98,4.99,4.67,12.00,801.90,805.41,-0.10,-0.00
45.36,4.99,4.97,4.65,12.00,807.61,801.82,0.16,0.01
45.43,5.00,4.98,4.67,12.00,809.99,801.90,0.22,0.01
45.50,4.99,5.00,4.65,12.00,806.37,809.26,-0.08,-0.00
45.56,4.96,5.00,4.65,12.00,795.49,809.99,-0.38,-0.02
45.63,4.98,4.98,4.66,12.00,801.90,803.57,-0.05,-0.00
45.70,4.99,4.98,4.65,12.00,808.15,801.90,0.17,0.01
45.76,5.00,5.00,4.67,12.00,810.00,809.96,0.00,0.00
45.83,4.98,4.99,4.65,12.00,801.90,807.46,-0.15,-0.01
45.90,4.99,4.98,4.64,12.00,807.02,801.90,0.14,0.01
45.97,4.98,4.96,4.67,12.00,802.10,796.29,0.16,0.01
46.03,4.99,4.97,4.65,12.00,805.34,801.74,0.10,0.00
46.10,4.98,5.00,4.66,12.00,801.94,810.00,-0.22,-0.01
46.17,4.97,5.00,4.65,12.00,799.64,809.80,-0.27,-0.01
46.23,5.00,4.96,4.64,12.00,809.99,795.81,0.38,0.02
46.30,4.99,5.00,4.66,12.00,806.25,809.36,-0.09,-0.00
46.37,4.98,4.99,4.65,12.00,801.90,806.04,-0.12,-0.01
46.43,4.96,4.99,4.67,12.00,796.49,806.18,-0.26,-0.01
46.50,5.00,4.96,4.65,12.00,809.73,798.08,0.32,0.01
46.57,5.00,4.98,4.65,12.00,810.00,801.90,0.22,0.01
46.64,4.98,5.00,4.67,12.00,804.27,809.98,-0.16,-0.01
46.70,4.98,4.99,4.65,12.00,801.90,807.09,-0.14,-0.01
46.77,4.98,4.98,4.67,12.00,801.90,802.90,-0.03,-0.00
46.84,5.00,4.97,4.65,12.00,810.00,800.95,0.25,0.01
46.90,4.98,4.99,4.65,12.00,801.90,805.65,-0.10,-0.00
46.97,4.98,4.98,4.67,12.00,801.90,801.90,0.00,0.00
47.04,4.98,4.98,4.65,12.00,801.90,802.39,-0.01,-0.00
47.10,4.99,4.98,4.65,12.00,808.00,801.90,0.17,0.01
47.17,5.00,4.97,4.66,12.00,810.00,801.85,0.22,0.01
47.24,4.98,5.00,4.65,12.00,802.07,810.00,-0.22,-0.01
47.31,4.99,4.98,4.67,12.00,806.92,801.90,0.14,0.01
47.37,4.97,4.98,4.65,12.00,801.71,801.90,-0.01,-0.00
47.44,5.00,4.98,4.65,12.00,810.00,801.90,0.22,0.01
47.51,4.98,5.00,4.66,12.00,802.75,810.00,-0.20,-0.01
47.57,4.97,4.99,4.65,12.00,801.12,806.86,-0.16,-0.01
47.64,5.00,4.96,4.66,12.00,809.99,795.95,0.37,0.02
47.71,4.99,4.98,4.65,12.00,806.12,801.90,0.12,0.01
47.77,4.98,4.98,4.65,12.00,801.91,802.71,-0.02,-0.00
47.84,5.00,4.98,4.66,12.00,810.00,802.30,0.21,0.01
47.91,5.00,4.96,4.65,12.00,809.96,796.83,0.35,0.02
47.98,4.99,4.97,4.67,12.00,807.34,800.11,0.20,0.01
48.04,4.98,4.98,4.65,12.00,801.90,804.32,-0.07,-0.00
48.11,4.95,5.00,4.65,12.00,795.00,810.00,-0.39,-0.02
48.18,5.00,4.96,4.67,12.00,809.83,797.70,0.33,0.02
48.24,5.00,4.98,4.65,12.00,809.98,801.90,0.22,0.01
48.31,4.99,5.00,4.67,12.00,805.32,809.85,-0.13,-0.01
48.38,4.98,5.00,4.66,12.00,801.90,810.00,-0.22,-0.01
48.44,4.95,4.98,4.65,12.00,793.80,802.61,-0.24,-0.01
48.51,4.99,4.96,4.65,12.00,808.05,795.78,0.33,0.02
48.58,4.99,4.99,4.64,12.00,807.97,807.77,0.01,0.00
48.65,4.95,5.00,4.66,12.00,795.35,810.00,-0.38,-0.02
48.71,4.95,4.99,4.65,12.00,793.80,808.12,-0.38,-0.02
48.78,4.97,4.98,4.67,12.00,800.18,801.90,-0.05,-0.00
48.85,5.00,5.00,4.65,12.00,810.00,810.00,0.00,0.00
48.91,4.96,5.00,4.65,12.00,796.33,809.96,-0.36,-0.02
48.98,4.97,5.00,4.66,12.00,798.99,810.00,-0.30,-0.01
49.05,4.98,4.98,4.65,12.00,801.90,802.03,-0.00,-0.00
49.11,5.00,4.98,4.65,12.00,810.00,801.90,0.22,0.01
49.18,4.98,5.00,4.67,12.00,801.90,810.00,-0.22,-0.01
49.25,4.96,5.00,4.66,12.00,796.97,809.74,-0.34,-0.02
49.31,5.00,4.96,4.67,12.00,809.40,798.61,0.29,0.01
49.38,5.00,4.99,4.66,12.00,810.00,806.07,0.11,0.00
49.45,4.98,5.00,4.65,12.00,804.80,809.93,-0.14,-0.01
49.52,4.96,5.00,4.66,12.00,796.48,810.00,-0.36,-0.02
49.58,4.95,4.98,4.65,12.00,793.80,803.44,-0.26,-0.01
49.65,5.00,4.98,4.67,12.00,810.00,801.90,0.22,0.01
49.72,4.98,4.98,4.65,12.00,801.90,804.66,-0.08,-0.00
49.78,4.95,5.00,4.65,12.00,794.87,810.00,-0.39,-0.02
49.85,4.99,4.98,4.67,12.00,805.46,801.90,0.10,0.00
49.92,4.97,4.98,4.65,12.00,800.85,801.90,-0.03,-0.00
49.98,4.98,4.98,4.66,12.00,802.52,801.90,0.02,0.00
50.05,4.98,5.00,4.65,12.00,802.53,810.00,-0.20,-0.01
50.12,4.97,4.99,4.66,12.00,801.84,805.17,-0.09,-0.00
50.19,4.96,4.99,4.65,12.00,798.05,805.16,-0.20,-0.01
50.25,5.00,4.98,4.65,12.00,810.00,803.50,0.18,0.01
50.32,5.00,5.00,4.66,12.00,810.00,810.00,0.00,0.00
50.39,4.95,4.99,4.65,12.00,795.08,806.20,-0.30,-0.01
50.45,4.98,4.98,4.64,12.00,801.90,803.39,-0.04,-0.00
50.52,5.00,4.96,4.66,12.00,810.00,798.59,0.31,0.01
50.59,4.97,4.95,4.65,12.00,799.01,793.80,0.15,0.01
50.65,4.97,5.00,4.67,12.00,798.77,810.00,-0.30,-0.01
50.72,4.97,4.98,4.65,12.00,801.88,804.29,-0.07,-0.00
50.79,5.00,4.97,4.64,12.00,810.00,799.11,0.30,0.01
50.86,4.99,5.00,4.67,12.00,806.68,808.89,-0.06,-0.00
50.92,4.97,5.00,4.65,12.00,800.63,810.00,-0.25,-0.01
50.99,4.99,4.99,4.67,12.00,806.10,805.24,0.02,0.00
51.06,5.00,4.95,4.65,12.00,810.00,795.40,0.39,0.02
51.12,4.98,4.98,4.66,12.00,802.17,801.90,0.01,0.00
51.19,4.96,5.00,4.65,12.00,798.05,809.43,-0.30,-0.01
51.26,4.98,4.98,4.65,12.00,804.66,801.90,0.08,0.00
51.32,5.00,4.98,4.67,12.00,810.00,801.90,0.22,0.01
51.39,5.00,4.98,4.65,12.00,810.00,801.90,0.22,0.01
51.46,4.98,4.98,4.66,12.00,801.90,804.63,-0.08,-0.00
51.53,4.97,5.00,4.65,12.00,799.10,810.00,-0.29,-0.01
51.59,5.00,4.96,4.64,12.00,809.98,796.25,0.37,0.02
51.66,4.99,4.98,4.66,12.00,805.68,801.90,0.11,0.00
51.73,5.00,4.99,4.65,12.00,810.00,805.31,0.13,0.01
51.79,4.96,5.00,4.67,12.00,797.02,809.86,-0.34,-0.02
51.86,4.98,4.98,4.65,12.00,801.90,802.66,-0.02,-0.00
51.93,4.99,4.97,4.65,12.00,808.28,799.53,0.24,0.01
51.99,4.98,4.99,4.67,12.00,803.55,805.89,-0.07,-0.00
52.06,4.98,5.00,4.65,12.00,801.90,809.91,-0.22,-0.01
52.13,4.98,5.00,4.66,12.00,801.90,810.00,-0.22,-0.01
52.20,4.99,4.98,4.65,12.00,806.41,801.90,0.13,0.01
52.26,4.99,4.99,4.67,12.00,807.47,808.13,-0.02,-0.00
52.33,4.98,5.00,4.65,12.00,801.90,810.00,-0.22,-0.01
52.40,4.97,5.00,4.65,12.00,798.83,810.00,-0.30,-0.01
52.46,4.98,4.95,4.66,12.00,801.90,795.11,0.19,0.01
52.53,4.99,4.97,4.65,12.00,805.46,800.55,0.14,0.01
52.60,4.98,5.00,4.67,12.00,804.08,809.98,-0.16,-0.01
52.66,4.98,4.99,4.65,12.00,801.90,805.49,-0.10,-0.00
52.73,5.00,4.98,4.65,12.00,809.44,801.96,0.21,0.01
52.80,5.00,4.97,4.67,12.00,810.00,801.80,0.23,0.01
52.87,4.97,4.99,4.65,12.00,800.51,807.51,-0.19,-0.01
52.93,4.97,5.00,4.67,12.00,799.98,808.76,-0.24,-0.01
53.00,4.98,4.98,4.65,12.00,801.90,803.70,-0.05,-0.00
53.07,4.98,5.00,4.67,12.00,804.47,810.00,-0.15,-0.01
53.13,4.98,4.97,4.66,12.00,802.12,801.89,0.01,0.00
53.20,4.95,5.00,4.65,12.00,795.23,809.99,-0.38,-0.02
53.27,5.00,4.95,4.66,12.00,808.47,795.26,0.35,0.02
53.33,5.00,4.95,4.65,12.00,810.00,795.26,0.39,0.02
53.40,4.99,4.97,4.66,12.00,805.65,801.64,0.11,0.01
53.47,4.95,5.00,4.65,12.00,794.78,810.00,-0.39,-0.02
53.54,4.98,4.98,4.65,12.00,802.12,801.99,0.00,0.00
53.60,5.00,4.95,4.65,12.00,810.00,794.81,0.40,0.02
53.67,4.98,4.98,4.65,12.00,805.14,802.14,0.08,0.00
53.74,4.96,5.00,4.67,12.00,796.99,809.89,-0.34,-0.02
53.80,4.96,5.00,4.65,12.00,795.70,810.00,-0.37,-0.02
53.87,4.96,4.98,4.66,12.00,798.15,801.90,-0.11,-0.00
53.94,5.00,4.97,4.65,12.00,810.00,801.85,0.22,0.01
54.00,4.96,5.00,4.65,12.00,797.96,809.49,-0.31,-0.01
54.07,4.98,4.99,4.67,12.00,801.90,806.06,-0.12,-0.01
54.14,5.00,4.97,4.65,12.00,808.54,799.63,0.25,0.01
54.21,4.99,4.98,4.66,12.00,805.33,801.90,0.10,0.00
54.27,4.99,5.00,4.65,12.00,807.04,808.51,-0.04,-0.00
54.34,4.98,4.99,4.64,12.00,801.90,807.09,-0.14,-0.01
54.41,4.97,4.98,4.66,12.00,801.88,804.23,-0.07,-0.00
54.47,5.00,4.95,4.65,12.00,810.00,793.93,0.42,0.02
54.54,4.99,4.98,4.66,12.00,807.53,801.90,0.16,0.01
54.61,4.95,5.00,4.65,12.00,794.47,810.00,-0.40,-0.02
54.67,4.98,4.98,4.66,12.00,801.90,802.63,-0.02,-0.00
54.74,4.97,4.98,4.65,12.00,799.57,801.90,-0.07,-0.00
54.81,4.99,4.98,4.65,12.00,806.23,801.90,0.12,0.01
54.88,4.98,5.00,4.66,12.00,801.91,810.00,-0.22,-0.01
54.94,4.96,5.00,4.65,12.00,798.06,810.00,-0.32,-0.01
55.01,5.00,4.96,4.67,12.00,810.00,795.56,0.38,0.02
55.08,5.00,4.98,4.66,12.00,810.00,801.90,0.22,0.01
55.14,4.98,4.98,4.65,12.00,801.90,803.74,-0.05,-0.00
55.21,4.98,4.98,4.66,12.00,801.90,804.66,-0.08,-0.00
55.28,4.95,4.98,4.65,12.00,793.80,803.34,-0.26,-0.01
55.34,5.00,4.98,4.66,12.00,810.00,801.90,0.22,0.01
55.41,4.99,4.98,4.65,12.00,805.70,801.90,0.11,0.00
55.48,5.00,4.99,4.65,12.00,810.00,805.42,0.13,0.01
55.55,5.00,4.97,4.67,12.00,808.86,799.15,0.27,0.01
55.61,4.97,4.98,4.65,12.00,800.73,801.90,-0.03,-0.00
55.68,4.98,4.98,4.66,12.00,802.66,801.90,0.02,0.00
55.75,4.95,5.00,4.65,12.00,794.58,810.00,-0.40,-0.02
55.81,4.99,4.98,4.66,12.00,807.62,803.98,0.10,0.00
55.88,4.97,4.98,4.65,12.00,801.14,801.90,-0.02,-0.00
55.95,5.00,4.97,4.65,12.00,808.44,801.89,0.18,0.01
56.01,4.97,4.99,4.66,12.00,800.89,807.55,-0.18,-0.01
56.08,4.98,4.98,4.65,12.00,801.90,803.64,-0.05,-0.00
56.15,4.98,5.00,4.67,12.00,801.90,808.66,-0.19,-0.01
56.22,4.99,4.98,4.65,12.00,806.60,801.90,0.13,0.01
56.28,4.98,4.99,4.67,12.00,801.90,806.25,-0.12,-0.01
56.35,4.96,4.99,4.66,12.00,796.32,807.75,-0.31,-0.01
56.42,4.98,4.98,4.65,12.00,801.90,803.32,-0.04,-0.00
56.48,4.99,4.98,4.66,12.00,805.24,801.90,0.09,0.00
56.55,4.98,5.00,4.66,12.00,804.24,809.74,-0.15,-0.01
56.62,4.98,5.00,4.66,12.00,801.90,810.00,-0.22,-0.01
56.68,4.97,4.98,4.65,12.00,801.88,804.31,-0.07,-0.00
56.75,5.00,4.98,4.65,12.00,809.87,801.90,0.22,0.01
56.82,5.00,4.98,4.66,12.00,810.00,801.90,0.22,0.01
56.89,4.98,5.00,4.65,12.00,801.90,810.00,-0.22,-0.01
56.95,4.95,4.98,4.67,12.00,793.82,803.89,-0.27,-0.01
57.02,4.99,4.98,4.65,12.00,806.02,801.90,0.12,0.01
57.09,5.00,4.97,4.65,12.00,810.00,801.82,0.23,0.01
57.15,4.99,4.99,4.67,12.00,808.19,807.72,0.01,0.00
57.22,4.98,4.98,4.65,12.00,801.90,803.49,-0.04,-0.00
57.29,5.00,4.95,4.66,12.00,810.00,795.41,0.39,0.02
57.35,5.00,4.98,4.65,12.00,810.00,801.90,0.22,0.01
57.42,5.00,4.99,4.66,12.00,810.00,806.45,0.10,0.00
57.49,4.96,5.00,4.65,12.00,797.08,810.00,-0.34,-0.02
57.56,4.96,4.98,4.65,12.00,796.99,801.90,-0.14,-0.01
57.62,5.00,4.97,4.66,12.00,810.00,798.79,0.30,0.01
57.69,4.98,4.98,4.66,12.00,801.96,801.90,0.00,0.00
57.76,4.98,4.99,4.66,12.00,801.90,806.93,-0.14,-0.01
57.82,4.97,4.98,4.65,12.00,801.89,804.11,-0.06,-0.00
57.89,4.98,4.96,4.65,12.00,803.07,796.02,0.20,0.01
57.96,5.00,4.99,4.67,12.00,808.84,807.41,0.04,0.00
58.02,4.98,4.99,4.65,12.00,802.45,807.36,-0.14,-0.01
58.09,4.98,4.98,4.67,12.00,801.90,802.52,-0.02,-0.00
58.16,4.99,4.98,4.66,12.00,807.87,801.90,0.17,0.01
58.23,4.98,4.97,4.65,12.00,804.71,801.84,0.08,0.00
58.29,4.97,4.99,4.66,12.00,799.75,807.85,-0.22,-0.01
58.36,4.97,4.96,4.65,12.00,801.64,798.08,0.10,0.00
58.43,4.96,4.98,4.67,12.00,798.54,801.90,-0.09,-0.00
58.49,5.00,4.96,4.65,12.00,810.00,798.46,0.31,0.01
58.56,4.99,4.99,4.67,12.00,807.31,808.23,-0.03,-0.00
58.63,4.98,4.98,4.66,12.00,801.90,803.14,-0.04,-0.00
58.69,5.00,4.96,4.65,12.00,809.83,797.78,0.33,0.02
58.76,5.00,4.96,4.67,12.00,810.00,797.07,0.35,0.02
58.83,5.00,4.99,4.66,12.00,810.00,806.93,0.09,0.00
58.90,5.00,4.99,4.66,12.00,810.00,806.96,0.09,0.00
58.96,4.97,4.98,4.65,12.00,801.89,804.14,-0.06,-0.00
59.03,4.98,4.96,4.65,12.00,803.00,796.09,0.19,0.01
59.10,4.98,4.97,4.66,12.00,805.14,801.79,0.09,0.00
59.16,4.98,4.99,4.65,12.00,801.90,806.63,-0.13,-0.01
59.23,4.97,4.99,4.67,12.00,801.84,805.22,-0.09,-0.00
59.30,5.00,4.95,4.65,12.00,810.00,794.50,0.41,0.02
59.36,5.00,4.95,4.65,12.00,810.00,795.07,0.39,0.02
59.43,4.98,5.00,4.67,12.00,801.90,810.00,-0.22,-0.01
59.50,4.98,4.98,4.65,12.00,801.90,804.85,-0.08,-0.00
59.57,5.00,4.96,4.67,12.00,810.00,795.47,0.39,0.02
59.63,5.00,4.98,4.65,12.00,809.96,801.90,0.22,0.01
59.70,4.98,4.99,4.66,12.00,801.90,806.36,-0.12,-0.01
59.77,4.98,4.98,4.65,12.00,801.90,803.20,-0.04,-0.00
59.83,4.96,4.98,4.65,12.00,796.95,801.90,-0.14,-0.01
59.90,4.99,4.98,4.66,12.00,805.37,801.90,0.10,0.00
59.97,4.98,4.98,4.65,12.00,801.98,801.90,0.00,0.00
60.03,4.96,5.00,4.67,12.00,796.11,809.98,-0.36,-0.02
60.10,4.99,4.98,4.65,12.00,807.25,801.90,0.15,0.01
60.17,5.00,4.96,4.65,12.00,810.00,797.36,0.34,0.02
60.24,5.00,4.99,4.66,12.00,809.74,807.11,0.07,0.00
60.30,4.98,5.00,4.65,12.00,801.95,808.75,-0.19,-0.01
60.37,4.97,4.99,4.67,12.00,801.81,806.80,-0.14,-0.01
60.44,4.98,4.96,4.65,12.00,802.53,797.35,0.15,0.01
60.50,5.00,4.97,4.65,12.00,808.45,799.45,0.25,0.01
60.57,5.00,4.99,4.65,12.00,808.62,807.51,0.03,0.00
60.64,4.98,5.00,4.64,12.00,801.90,810.00,-0.22,-0.01
60.70,5.00,4.96,4.67,12.00,810.00,796.97,0.35,0.02
60.77,4.99,4.96,4.65,12.00,807.71,798.10,0.26,0.01
60.84,4.98,4.99,4.67,12.00,801.90,806.14,-0.12,-0.01
60.91,4.98,4.99,4.65,12.00,801.90,808.00,-0.17,-0.01
60.97,4.98,4.98,4.65,12.00,801.90,803.44,-0.04,-0.00
61.04,5.00,4.98,4.65,12.00,809.98,801.90,0.22,0.01
61.11,4.98,4.99,4.64,12.00,802.03,808.25,-0.17,-0.01
61.17,4.98,4.99,4.67,12.00,801.90,807.32,-0.15,-0.01
61.24,4.97,4.96,4.65,12.00,801.73,797.77,0.11,0.00
61.31,5.00,4.99,4.67,12.00,810.00,805.23,0.13,0.01
61.37,4.98,4.97,4.65,12.00,804.05,801.88,0.06,0.00
61.44,4.95,5.00,4.65,12.00,794.69,810.00,-0.40,-0.02
61.51,4.98,4.98,4.66,12.00,802.30,801.97,0.01,0.00
61.58,4.99,4.98,4.66,12.00,805.67,801.90,0.11,0.00
61.64,5.00,4.97,4.66,12.00,808.80,799.31,0.26,0.01
61.71,4.96,5.00,4.65,12.00,798.49,809.02,-0.28,-0.01
61.78,4.96,5.00,4.64,12.00,795.52,810.00,-0.38,-0.02
61.84,4.99,4.98,4.66,12.00,806.10,801.90,0.12,0.01
61.91,4.99,4.98,4.65,12.00,806.36,801.90,0.12,0.01
61.98,4.99,4.99,4.66,12.00,807.95,807.76,0.01,0.00
62.04,4.98,5.00,4.65,12.00,803.53,810.00,-0.18,-0.01
62.11,4.98,4.98,4.65,12.00,804.23,801.92,0.07,0.00
62.18,5.00,4.96,4.65,6.67,810.00,795.99,0.37,0.02
62.25,4.99,4.97,4.65,10.93,806.03,801.42,0.13,0.01
62.31,4.85,4.95,4.66,12.00,761.40,793.25,-0.68,-0.04
62.38,4.80,4.98,4.65,12.00,745.20,801.90,-0.81,-0.07
62.45,4.84,4.93,4.67,12.00,757.92,788.71,-0.67,-0.04
62.51,4.88,4.93,4.66,12.00,769.50,788.11,-0.48,-0.02
62.58,4.89,4.93,4.65,12.00,773.57,787.20,-0.37,-0.02
62.65,4.93,4.93,4.67,11.91,785.70,785.70,0.00,0.00
62.71,4.93,4.93,1.08,11.29,785.84,785.70,0.00,0.00
62.78,4.93,4.93,3.82,12.00,785.70,787.97,-0.07,-0.00
62.85,4.93,4.91,4.45,6.96,785.70,779.97,0.16,0.01
62.91,4.93,4.93,4.60,9.71,785.70,785.70,0.00,0.00
62.98,4.85,4.89,4.64,12.00,761.19,775.20,-0.38,-0.02
63.05,4.78,4.88,4.66,12.00,737.24,772.33,-0.72,-0.05
63.12,4.85,4.89,4.65,12.00,761.40,775.52,-0.38,-0.02
63.18,4.87,4.88,4.67,10.13,766.57,769.50,-0.09,-0.00
63.25,4.90,4.88,4.65,3.21,777.58,769.67,0.23,0.01
63.32,4.88,4.86,4.66,4.17,769.50,764.43,0.15,0.01
63.38,4.75,4.88,4.66,12.00,727.76,772.35,-0.78,-0.06
63.45,4.63,4.84,4.65,12.00,688.50,759.67,-0.82,-0.09
63.52,4.65,4.84,4.67,12.00,696.60,758.80,-0.82,-0.08
63.58,4.75,4.82,4.65,12.00,727.55,753.30,-0.62,-0.03
63.65,4.81,4.80,4.67,3.56,748.91,744.84,0.12,0.01
63.72,4.81,4.80,4.65,3.11,749.03,745.20,0.12,0.01
63.79,4.73,4.80,4.64,12.00,720.90,745.20,-0.60,-0.03
63.85,4.48,4.78,4.67,12.00,642.21,737.28,-0.80,-0.13
63.92,4.50,4.76,4.65,12.00,647.97,733.01,-0.81,-0.12
63.99,4.60,4.77,4.67,12.00,680.40,735.31,-0.81,-0.07
64.05,4.68,4.73,1.08,12.00,704.70,720.90,-0.46,-0.02
64.12,4.75,4.73,3.81,0.00,728.77,720.90,0.24,0.01
64.19,4.77,4.73,4.47,0.00,736.82,720.90,0.45,0.02
64.25,4.48,4.73,4.61,12.00,639.90,721.90,-0.81,-0.11
64.32,4.30,4.70,4.65,12.00,583.20,713.08,-0.76,-0.18
64.39,4.11,4.68,4.65,12.00,523.17,704.70,-0.72,-0.26
64.46,4.22,4.66,4.66,12.00,556.96,698.31,-0.75,-0.20
64.52,4.40,4.65,4.65,12.00,615.60,698.19,-0.81,-0.12
64.59,4.51,4.64,4.67,12.00,652.34,694.12,-0.79,-0.06
64.66,4.63,4.63,1.08,3.05,688.50,690.23,-0.06,-0.00
64.72,4.66,4.63,3.80,0.00,701.18,688.52,0.39,0.02
64.79,4.45,4.61,4.46,12.00,631.80,684.98,-0.82,-0.08
64.86,4.33,4.60,4.61,12.00,592.94,679.48,-0.80,-0.13
64.92,4.38,4.57,4.65,12.00,607.50,672.30,-0.82,-0.10
64.99,4.45,4.60,4.69,12.00,631.82,680.40,-0.81,-0.07
65.06,4.60,4.53,4.66,0.00,679.41,656.10,0.63,0.04
65.13,4.63,4.56,4.67,0.00,688.50,666.35,0.61,0.03
65.19,4.33,4.57,4.65,12.00,591.30,669.07,-0.81,-0.12
65.26,4.15,4.53,4.66,12.00,534.60,658.42,-0.76,-0.19
65.33,4.25,4.51,4.65,12.00,565.69,651.94,-0.80,-0.13
65.39,4.36,4.51,4.67,12.00,602.97,650.78,-0.81,-0.07
65.46,4.53,4.52,1.16,0.00,656.10,653.84,0.08,0.00
65.53,4.53,4.48,3.82,0.00,656.10,639.90,0.50,0.03
65.59,4.27,4.48,4.46,12.00,574.83,639.90,-0.82,-0.10
65.66,4.13,4.46,4.60,12.00,526.50,636.21,-0.77,-0.17
65.73,4.20,4.45,4.65,12.00,550.80,632.81,-0.80,-0.13
65.80,4.31,4.45,4.64,12.00,587.64,631.80,-0.81,-0.07
65.86,4.45,4.43,4.66,0.00,631.80,625.55,0.22,0.01
65.93,4.50,4.46,4.65,0.00,648.00,633.93,0.45,0.02
66.00,4.25,4.42,4.65,11.64,567.00,623.68,-0.82,-0.09
66.06,4.05,4.41,4.66,10.27,503.79,617.80,-0.76,-0.18
66.13,4.18,4.40,4.65,11.13,542.70,615.60,-0.81,-0.12
66.20,4.25,4.38,4.67,11.02,566.15,607.50,-0.81,-0.07
66.26,4.38,4.38,4.65,0.00,607.50,608.54,-0.04,-0.00
66.33,4.42,4.36,4.67,0.00,623.70,601.74,0.64,0.04
66.40,4.20,4.35,4.65,9.79,550.80,599.40,-0.82,-0.08
66.47,4.00,4.33,4.65,8.55,487.20,591.30,-0.76,-0.18
66.53,4.05,4.34,4.66,8.68,502.46,597.21,-0.78,-0.16
66.60,4.12,4.30,4.65,9.41,524.48,583.20,-0.82,-0.10
66.67,4.18,4.28,4.66,8.36,543.19,575.10,-0.77,-0.06
66.73,4.25,4.30,1.16,3.47,566.90,583.10,-0.54,-0.03
66.80,4.25,4.27,3.82,0.00,567.00,574.86,-0.30,-0.01
66.87,4.22,4.25,4.47,0.00,558.75,566.11,-0.28,-0.01
66.93,3.95,4.24,4.61,7.22,469.80,563.42,-0.77,-0.17
67.00,3.82,4.25,4.66,6.21,429.30,567.00,-0.73,-0.24
67.07,3.78,4.21,4.70,5.99,415.02,553.79,-0.72,-0.25
67.14,3.87,4.19,4.68,6.53,445.02,546.64,-0.76,-0.19
67.20,3.85,4.23,1.16,6.01,437.81,560.93,-0.74,-0.22
67.27,3.85,4.16,3.82,6.24,437.40,537.95,-0.76,-0.19
67.34,3.88,4.15,0.92,6.45,447.57,534.60,-0.77,-0.16
67.40,3.90,4.11,3.77,6.84,453.60,520.97,-0.80,-0.13
67.47,3.92,4.10,4.45,6.95,458.94,518.63,-0.81,-0.12
67.54,3.93,4.10,4.60,6.93,461.70,518.39,-0.81,-0.11
67.60,4.00,4.05,4.65,2.91,484.88,502.20,-0.62,-0.03
67.67,3.97,4.05,1.15,5.16,477.47,502.20,-0.74,-0.05
67.74,3.94,4.02,3.82,5.16,466.24,491.01,-0.75,-0.05
67.81,3.85,4.01,4.46,6.41,437.40,488.45,-0.81,-0.10
67.87,3.82,3.99,4.60,6.22,429.30,483.46,-0.81,-0.11
67.94,3.86,3.94,4.65,5.32,441.95,468.07,-0.77,-0.06
68.01,3.91,3.98,1.15,4.51,455.25,478.59,-0.74,-0.05
68.07,3.89,3.95,3.82,2.92,450.04,468.36,-0.67,-0.04
68.14,3.82,3.93,4.46,5.64,429.30,461.70,-0.81,-0.07
68.21,3.80,3.90,4.60,5.65,419.81,453.60,-0.81,-0.07
68.27,3.77,3.85,4.65,4.89,413.10,438.83,-0.78,-0.06
68.34,3.81,3.89,1.16,4.93,423.73,451.28,-0.79,-0.06
68.41,3.75,3.85,3.83,5.31,405.00,437.38,-0.81,-0.07
68.47,3.74,3.82,4.47,4.97,400.85,429.30,-0.80,-0.07
68.54,3.79,3.82,1.11,0.00,418.02,429.30,-0.52,-0.03
68.61,3.73,3.79,3.81,3.81,396.90,419.47,-0.76,-0.05
68.68,3.68,3.79,4.46,4.84,380.70,419.05,-0.82,-0.09
68.74,3.60,3.75,4.60,4.42,356.40,405.53,-0.80,-0.12
68.81,3.58,3.75,4.65,4.10,350.37,405.00,-0.79,-0.13
68.88,3.62,3.75,1.15,4.48,364.48,405.00,-0.82,-0.10
68.94,3.58,3.70,3.82,4.34,348.30,388.80,-0.82,-0.10
69.01,3.60,3.72,0.86,4.26,356.40,396.89,-0.82,-0.10
69.08,3.58,3.65,3.76,3.41,351.00,372.60,-0.78,-0.06
69.14,3.56,3.63,4.45,3.53,342.06,364.54,-0.79,-0.06
69.21,3.61,3.65,1.10,0.95,358.21,372.94,-0.67,-0.04
69.28,3.54,3.62,3.81,3.78,335.66,364.46,-0.82,-0.08
69.35,3.48,3.58,4.46,3.73,315.90,348.30,-0.82,-0.09
69.41,3.43,3.55,4.60,3.38,300.96,340.60,-0.81,-0.12
69.48,3.48,3.53,4.65,1.86,315.90,332.10,-0.74,-0.05
69.55,3.49,3.55,1.16,2.54,320.60,340.18,-0.78,-0.06
69.61,3.36,3.50,3.82,2.67,279.07,324.00,-0.79,-0.14
69.68,3.38,3.53,0.95,2.44,283.50,332.10,-0.78,-0.15
69.75,3.34,3.48,3.78,2.40,271.22,315.90,-0.79,-0.14
69.81,3.32,3.45,4.46,2.50,267.30,306.52,-0.80,-0.13
69.88,3.32,3.48,4.60,1.98,267.20,315.90,-0.78,-0.15
69.95,3.28,3.43,4.65,1.87,253.61,299.70,-0.78,-0.15
70.02,3.23,3.43,4.69,0.93,235.08,300.11,-0.74,-0.22
70.08,3.23,3.35,4.68,1.71,234.90,275.40,-0.78,-0.15
70.15,3.20,3.39,1.16,0.72,226.83,288.15,-0.74,-0.21
70.22,3.15,3.35,3.82,0.34,210.60,275.81,-0.73,-0.24
70.28,3.12,3.37,0.92,0.00,200.35,281.55,-0.71,-0.29
70.35,3.04,3.30,3.78,0.00,176.39,259.20,-0.70,-0.32
70.42,3.02,3.32,0.94,0.00,170.10,265.66,-0.69,-0.36
70.48,2.93,3.30,3.78,0.00,137.70,259.12,-0.67,-0.47
70.55,2.92,3.25,4.45,0.00,135.55,243.00,-0.68,-0.44
70.62,2.82,3.26,4.60,0.00,105.29,246.47,-0.66,-0.57
70.69,2.80,3.23,4.65,0.00,97.20,237.27,-0.66,-0.59
70.75,2.80,3.25,1.15,0.00,98.28,242.99,-0.66,-0.60
70.82,2.73,3.21,3.82,0.00,72.91,230.01,-0.65,-0.68
70.89,2.73,3.20,0.86,0.00,76.13,226.80,-0.65,-0.66
70.95,2.72,3.17,3.76,0.00,72.84,216.71,-0.65,-0.66
71.02,2.70,3.15,4.45,0.00,66.11,209.31,-0.65,-0.68
71.09,2.73,3.16,1.10,0.00,72.90,212.87,-0.65,-0.66
71.15,2.63,3.15,3.81,0.00,40.50,210.60,-0.64,-0.81
71.22,2.70,3.13,4.46,0.00,64.79,202.50,-0.65,-0.68
71.29,2.67,3.10,4.66,0.00,56.44,194.40,-0.65,-0.71
71.36,2.66,3.08,4.66,0.00,51.83,186.34,-0.65,-0.72
71.42,2.68,3.10,1.18,0.00,56.70,194.40,-0.65,-0.71
71.49,2.63,3.05,3.83,0.00,40.96,179.03,-0.65,-0.77
71.56,2.66,3.02,4.47,0.00,52.96,170.10,-0.65,-0.69
71.62,2.67,3.02,1.11,0.00,54.31,170.10,-0.65,-0.68
71.69,2.64,3.00,3.81,0.00,45.14,162.90,-0.65,-0.72
71.76,2.65,3.02,0.94,0.00,48.60,170.10,-0.65,-0.71
71.82,2.61,2.98,3.78,0.00,36.20,153.92,-0.65,-0.76
71.89,2.67,2.95,4.45,0.00,55.10,145.80,-0.66,-0.62
71.96,2.62,2.96,1.09,0.00,40.14,149.79,-0.65,-0.73
72.02,2.60,2.93,3.81,0.00,32.40,140.79,-0.65,-0.77
72.09,2.65,2.95,0.94,0.00,47.50,145.80,-0.65,-0.67
72.16,2.61,2.90,3.84,0.00,36.68,129.82,-0.65,-0.72
72.23,2.65,2.86,4.45,0.00,48.60,117.88,-0.66,-0.59
72.29,2.65,2.91,1.12,0.00,48.62,134.09,-0.65,-0.64
72.36,2.61,2.83,3.81,0.00,35.86,105.56,-0.65,-0.66
72.43,2.65,2.83,0.86,0.00,48.60,105.30,-0.66,-0.54
72.49,2.63,2.83,0.20,0.00,42.47,105.30,-0.66,-0.60
72.56,2.63,2.80,3.67,0.00,40.50,97.78,-0.66,-0.59
72.63,2.63,2.82,0.90,0.00,40.50,102.11,-0.66,-0.60
72.69,2.62,2.75,3.77,0.00,37.39,81.00,-0.66,-0.54
72.76,2.62,2.78,4.43,0.00,40.49,89.10,-0.66,-0.55
72.83,2.68,2.75,1.12,0.00,56.70,81.00,-0.71,-0.30
72.89,2.63,2.70,3.81,0.00,40.53,66.26,-0.68,-0.39
72.96,2.65,2.71,4.46,0.00,48.60,69.28,-0.71,-0.30
73.03,2.69,2.70,1.13,0.00,60.35,64.80,-0.81,-0.07
73.10,2.66,2.65,3.88,0.00,51.75,49.66,0.69,0.04
73.16,2.64,2.65,4.47,0.00,44.82,48.60,-0.82,-0.08
73.23,2.68,2.66,1.04,0.00,56.70,51.82,0.82,0.09
73.30,2.65,2.66,0.23,0.00,48.60,52.18,-0.81,-0.07
73.36,2.62,2.62,3.68,0.00,39.92,40.38,-0.25,-0.01
73.43,2.60,2.60,4.40,0.00,32.23,32.40,-0.12,-0.01
73.50,2.65,2.65,1.11,0.00,48.60,48.54,0.03,0.00
73.56,2.61,2.65,0.25,0.00,34.51,48.60,-0.71,-0.29
73.63,2.58,2.57,3.68,0.00,27.14,23.25,0.77,0.17
73.70,2.62,2.58,0.85,0.00,40.17,26.71,0.67,0.50
73.76,2.60,2.59,0.20,0.00,32.40,29.80,0.82,0.09
73.83,2.57,2.56,3.67,0.00,24.30,18.93,0.71,0.28
73.90,2.60,2.57,0.82,0.00,32.40,24.30,0.70,0.33
73.96,2.57,2.56,0.20,0.00,24.30,20.55,0.76,0.18
74.03,2.57,2.52,3.67,0.00,24.28,8.10,0.62,2.00
74.10,2.55,2.56,4.43,0.00,16.98,20.40,-0.77,-0.17
74.17,2.55,2.56,1.10,0.00,16.20,17.89,-0.82,-0.09
74.23,2.52,2.52,3.80,0.00,8.10,8.10,0.00,0.00
74.30,2.53,2.52,4.44,0.00,8.34,8.10,0.56,0.03
74.37,2.52,2.52,4.60,0.00,8.10,6.65,0.74,0.22
74.43,2.53,2.52,1.08,0.00,8.12,8.10,0.07,0.00
74.50,2.52,2.53,0.26,0.00,8.10,9.25,-0.80,-0.12
74.57,2.52,2.51,0.11,0.00,8.10,1.75,0.61,3.63
74.63,2.52,2.50,3.66,0.00,8.10,0.00,0.61,10.00
74.70,2.50,2.49,4.43,0.00,1.01,-3.98,0.63,1.25
74.77,2.50,2.52,1.12,0.00,0.00,8.10,-0.64,-1.00
74.83,2.51,2.50,0.25,0.00,4.75,0.00,0.61,10.00
74.90,2.47,2.49,3.67,0.00,-8.20,-2.38,-0.62,-2.44
74.97,2.50,2.49,4.43,0.00,0.00,-3.42,0.64,1.00
75.03,2.50,2.52,1.12,0.00,0.00,7.99,-0.64,-1.00
75.10,2.50,2.52,0.26,0.00,0.00,8.10,-0.64,-1.00
75.17,2.50,2.48,3.68,0.00,-0.43,-8.10,0.64,0.95
75.23,2.48,2.49,4.41,0.00,-8.10,-2.33,-0.62,-2.48
75.30,2.48,2.51,1.11,0.00,-6.39,2.53,-0.62,-3.53
75.37,2.49,2.48,0.25,0.00,-4.68,-8.10,0.68,0.42
75.43,2.45,2.48,3.68,0.00,-16.29,-8.09,-0.64,-1.01
75.50,2.50,2.46,4.43,0.00,0.00,-11.49,0.64,1.00
75.57,2.52,2.49,1.12,0.00,8.04,-2.50,0.61,4.22
75.64,2.45,2.50,0.25,0.00,-14.59,0.00,-0.61,-10.00
75.70,2.45,2.45,3.67,0.00,-16.20,-16.20,0.00,0.00
75.77,2.48,2.45,4.41,0.00,-8.10,-15.83,0.67,0.49
75.84,2.52,2.48,1.11,0.00,5.17,-8.10,0.63,1.64
75.90,2.50,2.52,0.25,0.00,-0.06,5.69,-0.64,-1.01
75.97,2.43,2.48,3.68,0.00,-23.23,-8.10,-0.62,-1.87
76.04,2.49,2.46,0.82,0.00,-3.21,-14.03,0.65,0.77
76.10,2.51,2.48,0.21,0.00,4.49,-6.63,0.62,1.68
76.17,2.48,2.47,3.67,0.00,-8.10,-8.12,0.07,0.00
76.24,2.45,2.45,4.40,0.00,-16.20,-16.10,-0.14,-0.01
76.30,2.48,2.45,1.02,0.00,-8.10,-16.20,0.67,0.50
76.37,2.46,2.48,0.23,0.00,-11.71,-8.10,-0.67,-0.45
76.44,2.46,2.43,3.67,0.00,-14.50,-22.95,0.69,0.37
76.50,2.48,2.46,4.43,0.00,-8.10,-14.43,0.68,0.44
76.57,2.48,2.48,1.11,0.00,-6.33,-8.10,0.74,0.22
76.64,2.45,2.45,3.81,0.00,-16.20,-16.20,0.00,0.00
76.70,2.45,2.45,4.44,0.00,-16.20,-14.70,-0.82,-0.10
76.77,2.45,2.46,4.60,0.00,-16.20,-14.13,-0.78,-0.15
76.84,2.48,2.48,1.16,0.00,-8.10,-7.83,-0.62,-0.03
76.90,2.48,2.48,0.26,0.00,-8.10,-8.10,0.00,0.00
76.97,2.48,2.48,0.11,0.00,-8.10,-8.10,0.00,0.00
77.04,2.47,2.48,0.09,0.00,-10.43,-8.10,-0.71,-0.29
77.10,2.45,2.45,3.66,0.00,-16.20,-16.20,0.00,0.00
77.17,2.45,2.45,4.40,0.00,-16.20,-16.20,0.00,0.00
77.24,2.45,2.45,4.59,0.00,-14.62,-16.20,0.82,0.10
77.30,2.48,2.48,1.16,0.00,-5.95,-8.10,0.72,0.26
77.37,2.48,2.48,0.26,0.00,-8.10,-6.58,-0.73,-0.23
77.44,2.45,2.43,3.68,0.00,-16.20,-24.30,0.70,0.33
77.51,2.48,2.45,1.67,0.00,-6.41,-16.20,0.66,0.60
77.57,2.48,2.48,0.40,0.00,-6.56,-8.10,0.75,0.19
77.64,2.46,2.43,3.69,0.00,-14.39,-24.25,0.68,0.41
77.71,2.45,2.45,4.41,0.00,-16.20,-16.20,0.00,0.00
77.77,2.45,2.45,4.61,0.00,-16.20,-16.20,0.00,0.00
77.84,2.48,2.45,1.08,0.00,-6.38,-16.20,0.66,0.61
77.91,2.48,2.48,0.26,0.00,-7.89,-8.10,0.50,0.03
77.97,2.45,2.48,0.11,0.00,-16.20,-8.06,-0.64,-1.01
78.04,2.46,2.45,3.67,0.00,-13.84,-16.20,0.79,0.15
78.11,2.48,2.48,0.90,0.00,-7.84,-8.10,0.60,0.03
78.17,2.45,2.48,0.23,0.00,-16.20,-5.72,-0.62,-1.83
78.24,2.45,2.45,3.68,0.00,-15.25,-14.65,-0.68,-0.04
78.31,2.45,2.43,4.41,0.00,-16.20,-24.26,0.70,0.33
78.37,2.48,2.48,1.11,0.00,-8.10,-8.10,0.00,0.00
78.44,2.48,2.48,0.28,0.00,-7.59,-8.10,0.79,0.06
78.51,2.48,2.48,0.12,0.00,-8.07,-8.10,0.09,0.00
78.57,2.45,2.48,3.73,0.00,-16.20,-6.72,-0.63,-1.41
78.64,2.45,2.45,4.43,0.00,-14.84,-16.20,0.82,0.08
78.71,2.48,2.48,1.12,0.00,-8.10,-8.10,0.00,0.00
78.77,2.48,2.48,0.28,0.00,-8.10,-6.49,-0.72,-0.25
78.84,2.48,2.48,0.12,0.00,-8.10,-6.18,-0.70,-0.31
78.91,2.43,2.46,3.66,0.00,-24.30,-14.39,-0.65,-0.69
78.97,2.48,2.45,4.43,0.00,-6.75,-16.20,0.66,0.58
79.04,2.48,2.45,1.12,0.00,-6.64,-16.20,0.66,0.59
79.11,2.45,2.45,3.81,0.00,-16.20,-16.20,0.00,0.00
79.18,2.45,2.45,4.44,0.00,-16.20,-15.76,-0.54,-0.03
79.24,2.45,2.43,4.60,0.00,-16.20,-24.30,0.70,0.33
79.31,2.48,2.48,1.16,0.00,-8.10,-8.10,0.00,0.00
79.38,2.48,2.48,0.28,0.00,-6.57,-8.10,0.76,0.19
79.44,2.45,2.46,3.75,0.00,-16.20,-12.77,-0.72,-0.27
79.51,2.45,2.45,4.43,0.00,-16.20,-17.59,0.82,0.08
79.58,2.48,2.48,1.12,0.00,-6.58,-8.10,0.76,0.19
79.64,2.48,2.45,0.25,0.00,-8.10,-14.93,0.67,0.46
79.71,2.43,2.46,3.67,0.00,-24.30,-14.46,-0.65,-0.68
79.78,2.48,2.48,0.90,0.00,-8.10,-8.10,0.00,0.00
79.84,2.48,2.45,0.14,0.00,-6.74,-16.20,0.66,0.58
79.91,2.48,2.48,0.10,0.00,-6.24,-8.10,0.73,0.23
79.98,2.45,2.45,3.66,0.00,-15.21,-16.20,0.79,0.06
80.04,2.45,2.43,4.40,0.00,-16.20,-23.90,0.70,0.32
80.11,2.47,2.48,1.11,0.00,-8.41,-8.10,-0.66,-0.04
80.18,2.48,2.48,0.25,0.00,-8.10,-8.10,0.00,0.00
80.24,2.48,2.48,0.11,0.00,-8.09,-8.10,0.02,0.00
80.31,2.46,2.45,3.67,0.00,-14.50,-14.85,0.47,0.02
80.38,2.43,2.45,4.40,0.00,-24.30,-16.20,-0.67,-0.50
80.44,2.48,2.46,1.11,0.00,-6.63,-12.79,0.67,0.48
80.51,2.40,2.43,3.81,0.00,-30.85,-24.12,-0.71,-0.28
80.58,2.44,2.40,4.45,0.00,-20.35,-32.40,0.69,0.37
80.65,2.45,2.46,1.12,0.00,-16.20,-11.93,-0.69,-0.36
80.71,2.43,2.45,3.81,0.00,-24.30,-16.20,-0.67,-0.50
80.78,2.45,2.45,4.47,0.00,-16.20,-16.20,0.00,0.00
80.85,2.48,2.45,1.04,0.00,-8.03,-16.20,0.67,0.50
80.91,2.48,2.48,0.25,0.00,-8.10,-6.34,-0.71,-0.28
80.98,2.43,2.45,3.68,0.00,-24.30,-14.84,-0.65,-0.64
81.05,2.45,2.45,4.43,0.00,-16.20,-16.20,0.00,0.00
81.11,2.48,2.45,4.62,0.00,-7.74,-16.20,0.66,0.52
81.18,2.48,2.48,1.17,0.00,-8.02,-8.10,0.22,0.01
81.25,2.48,2.48,0.27,0.00,-8.10,-6.34,-0.71,-0.28
81.31,2.45,2.45,3.67,0.00,-16.20,-16.20,0.00,0.00
81.38,2.43,2.45,4.41,0.00,-22.53,-16.20,-0.68,-0.39
81.45,2.48,2.48,1.11,0.00,-7.74,-8.10,0.71,0.04
81.51,2.48,2.48,0.25,0.00,-5.81,-8.02,0.71,0.28
81.58,2.45,2.45,3.68,0.00,-16.20,-16.19,-0.01,-0.00
81.65,2.43,2.45,4.41,0.00,-23.94,-16.20,-0.67,-0.48
81.71,2.48,2.48,1.11,0.00,-7.18,-8.10,0.81,0.11
81.78,2.48,2.48,0.24,0.00,-8.10,-6.60,-0.73,-0.23
81.85,2.46,2.45,3.68,0.00,-14.55,-14.83,0.39,0.02
81.91,2.48,2.45,4.43,0.00,-8.10,-16.20,0.67,0.50
81.98,2.48,2.48,1.11,0.00,-6.71,-8.10,0.77,0.17
82.05,2.46,2.45,3.82,0.00,-14.55,-16.20,0.82,0.10
82.12,2.45,2.43,4.44,0.00,-16.20,-22.53,0.71,0.28
82.18,2.48,2.48,1.12,0.00,-8.10,-6.32,-0.71,-0.28
82.25,2.45,2.48,3.88,0.00,-16.20,-8.10,-0.64,-1.00
82.32,2.43,2.45,4.46,0.00,-24.29,-16.20,-0.67,-0.50
82.38,2.48,2.48,1.13,0.00,-8.10,-6.46,-0.72,-0.25
82.45,2.48,2.48,0.25,0.00,-8.10,-8.10,0.00,0.00
82.52,2.44,2.45,0.11,0.00,-19.23,-16.20,-0.76,-0.19
82.58,2.43,2.40,3.66,0.00,-24.30,-31.01,0.74,0.22
82.65,2.48,2.43,0.90,0.00,-8.10,-23.56,0.65,0.66
82.72,2.46,2.45,0.21,0.00,-12.75,-16.26,0.74,0.22
82.78,2.40,2.44,3.67,0.00,-32.40,-19.26,-0.65,-0.68
82.85,2.45,2.46,0.91,0.00,-16.20,-14.19,-0.79,-0.14
82.92,2.47,2.44,0.21,0.00,-8.16,-20.14,0.66,0.59
82.98,2.43,2.43,3.68,0.00,-24.30,-24.30,0.00,0.00
83.05,2.43,2.42,4.41,0.00,-22.20,-24.31,0.82,0.09
83.12,2.45,2.46,1.11,0.00,-16.20,-12.17,-0.70,-0.33
83.19,2.46,2.45,0.25,0.00,-13.22,-16.14,0.76,0.18
83.25,2.43,2.40,3.67,0.00,-24.30,-30.89,0.74,0.21
83.32,2.48,2.46,0.91,0.00,-8.10,-13.27,0.68,0.39
83.39,2.45,2.46,0.21,0.00,-16.20,-12.23,-0.70,-0.33
83.45,2.43,2.43,3.67,0.00,-24.30,-21.41,-0.79,-0.13
83.52,2.43,2.45,0.91,0.00,-24.30,-15.31,-0.66,-0.59
83.59,2.45,2.45,0.21,0.00,-16.29,-16.20,-0.12,-0.01
83.65,2.44,2.45,3.66,0.00,-19.93,-16.46,-0.74,-0.21
83.72,2.45,2.45,0.90,0.00,-16.20,-16.20,0.00,0.00
83.79,2.48,2.45,0.23,0.00,-7.63,-15.82,0.67,0.52
83.85,2.48,2.48,0.11,0.00,-7.43,-8.10,0.82,0.08
83.92,2.45,2.43,3.66,0.00,-16.20,-24.30,0.70,0.33
83.99,2.45,2.46,4.43,0.00,-16.20,-14.49,-0.81,-0.12
84.05,2.48,2.48,1.11,0.00,-6.39,-8.10,0.74,0.21
84.12,2.46,2.48,3.88,0.00,-14.39,-8.10,-0.65,-0.78
84.19,2.46,2.45,4.47,0.00,-14.24,-16.20,0.80,0.12
84.25,2.48,2.48,1.12,0.00,-8.10,-6.32,-0.71,-0.28
84.32,2.48,2.48,0.25,0.00,-8.10,-8.10,0.00,0.00
84.39,2.48,2.48,0.11,0.00,-8.04,-8.10,0.15,0.01
84.45,2.43,2.48,3.73,0.00,-24.03,-8.10,-0.62,-1.97
84.52,2.45,2.45,4.43,0.00,-16.20,-14.83,-0.82,-0.09
84.59,2.48,2.48,1.11,0.00,-8.10,-6.53,-0.73,-0.24
84.66,2.48,2.48,0.25,0.00,-6.72,-8.10,0.77,0.17
84.72,2.45,2.43,3.68,0.00,-14.82,-24.30,0.68,0.39
84.79,2.48,2.45,0.82,0.00,-8.10,-14.70,0.67,0.45
84.86,2.48,2.48,0.19,0.00,-8.10,-7.30,-0.81,-0.11
84.92,2.45,2.45,3.66,0.00,-16.20,-16.20,0.00,0.00
84.99,2.45,2.45,4.40,0.00,-14.65,-16.20,0.82,0.10
85.06,2.45,2.46,4.60,0.00,-16.20,-14.13,-0.78,-0.15
85.12,2.48,2.48,1.16,0.00,-6.28,-6.53,0.66,0.04
85.19,2.48,2.48,0.26,0.00,-8.10,-8.04,-0.15,-0.01
85.26,2.41,2.45,3.68,0.00,-27.97,-16.20,-0.65,-0.73
85.32,2.45,2.41,4.43,0.00,-16.20,-30.56,0.67,0.47
85.39,2.48,2.45,1.10,0.00,-8.10,-16.20,0.67,0.50
85.46,2.42,2.45,3.81,0.00,-26.94,-17.27,-0.66,-0.56
85.52,2.45,2.43,0.86,0.00,-15.65,-24.30,0.69,0.36
85.59,2.43,2.47,0.20,0.00,-22.15,-10.79,-0.64,-1.05
85.66,2.44,2.43,3.67,0.00,-18.99,-24.30,0.74,0.22
85.73,2.48,2.43,0.82,0.00,-8.10,-22.11,0.65,0.63
85.79,2.45,2.46,0.21,0.00,-16.20,-12.59,-0.71,-0.29
85.86,2.43,2.43,3.67,0.00,-24.30,-22.53,-0.82,-0.08
85.93,2.40,2.40,4.41,0.00,-32.35,-32.40,0.03,0.00
85.99,2.47,2.45,1.11,0.00,-8.12,-16.20,0.67,0.50
86.06,2.43,2.43,3.81,0.00,-21.16,-22.04,0.67,0.04
86.13,2.42,2.44,4.44,0.00,-27.48,-20.59,-0.70,-0.34
86.19,2.46,2.45,1.12,0.00,-12.51,-16.18,0.73,0.23
86.26,2.45,2.48,3.88,0.00,-15.51,-8.10,-0.64,-0.91
86.33,2.43,2.43,4.46,0.00,-24.21,-23.93,-0.25,-0.01
86.39,2.48,2.48,1.13,0.00,-8.10,-6.69,-0.74,-0.21
86.46,2.48,2.48,0.26,0.00,-8.10,-8.10,0.00,0.00
86.53,2.48,2.48,0.11,0.00,-6.54,-8.10,0.75,0.19
86.59,2.45,2.43,3.66,0.00,-16.20,-24.30,0.70,0.33
86.66,2.45,2.45,4.42,0.00,-16.20,-15.86,-0.44,-0.02
86.73,2.48,2.48,1.11,0.00,-8.10,-7.45,-0.82,-0.09
86.79,2.46,2.48,0.25,0.00,-13.52,-8.10,-0.65,-0.67
86.86,2.45,2.43,3.68,0.00,-15.04,-24.30,0.69,0.38
86.93,2.47,2.46,0.91,0.00,-8.25,-11.35,0.71,0.27
87.00,2.46,2.45,0.21,0.00,-14.03,-16.21,0.79,0.13
87.06,2.40,2.44,3.67,0.00,-31.29,-20.06,-0.66,-0.56
87.13,2.47,2.44,0.90,0.00,-8.12,-20.82,0.66,0.61
87.20,2.47,2.45,0.21,0.00,-8.11,-16.20,0.67,0.50
87.26,2.43,2.43,3.67,0.00,-21.54,-21.19,-0.35,-0.02
87.33,2.43,2.45,0.83,0.00,-22.20,-16.20,-0.69,-0.37
87.40,2.45,2.45,0.19,0.00,-14.93,-15.99,0.80,0.07
87.46,2.42,2.43,3.67,0.00,-24.32,-24.30,-0.02,-0.00
87.53,2.43,2.42,4.41,0.00,-24.30,-24.88,0.47,0.02
87.60,2.45,2.47,1.11,0.00,-16.20,-11.17,-0.67,-0.45
87.66,2.41,2.45,3.81,0.00,-27.86,-16.20,-0.65,-0.72
87.73,2.42,2.43,4.44,0.00,-26.52,-24.30,-0.82,-0.09
87.80,2.47,2.45,1.12,0.00,-10.33,-17.53,0.68,0.41
87.86,2.45,2.43,3.81,0.00,-16.20,-23.02,0.71,0.30
87.93,2.45,2.45,4.44,0.00,-16.20,-16.20,0.00,0.00
88.00,2.45,2.45,4.62,0.00,-14.75,-16.20,0.82,0.09
88.07,2.48,2.48,1.17,0.00,-6.29,-8.10,0.74,0.22
88.13,2.48,2.48,0.27,0.00,-8.10,-6.52,-0.73,-0.24
88.20,2.45,2.45,3.68,0.00,-16.20,-16.20,0.00,0.00
88.27,2.45,2.45,4.41,0.00,-16.20,-16.20,0.00,0.00
88.33,2.46,2.45,4.59,0.00,-14.57,-16.20,0.82,0.10
88.40,2.48,2.48,1.16,0.00,-7.95,-8.10,0.39,0.02
88.47,2.48,2.48,0.28,0.00,-8.10,-6.39,-0.72,-0.27
88.53,2.45,2.45,3.68,0.00,-16.20,-16.20,0.00,0.00
88.60,2.45,2.45,4.41,0.00,-16.03,-16.20,0.24,0.01
88.67,2.45,2.45,4.59,0.00,-16.20,-16.20,0.00,0.00
88.73,2.45,2.45,4.65,0.00,-15.19,-14.66,-0.64,-0.04
88.80,2.48,2.48,1.18,0.00,-8.10,-7.34,-0.82,-0.10
88.87,2.48,2.48,0.27,0.00,-6.37,-8.10,0.74,0.21
88.93,2.43,2.45,3.67,0.00,-24.30,-16.20,-0.67,-0.50
89.00,2.48,2.48,0.90,0.00,-8.10,-8.10,0.00,0.00
89.07,2.48,2.46,0.14,0.00,-8.10,-14.58,0.67,0.44
89.13,2.48,2.48,0.11,0.00,-8.10,-8.03,-0.20,-0.01
89.20,2.43,2.48,0.10,0.00,-24.30,-8.10,-0.62,-2.00
89.27,2.45,2.45,3.66,0.00,-16.20,-16.20,0.00,0.00
89.33,2.43,2.45,4.40,0.00,-23.60,-16.20,-0.67,-0.46
89.40,2.45,2.48,1.11,0.00,-15.99,-8.10,-0.64,-0.97
89.47,2.42,2.47,0.25,0.00,-24.50,-11.29,-0.63,-1.17
89.53,2.43,2.41,3.68,0.00,-24.30,-28.20,0.79,0.14
89.60,2.47,2.45,0.90,0.00,-10.26,-17.63,0.68,0.42
89.67,2.43,2.45,3.84,0.00,-24.24,-15.20,-0.66,-0.59
89.74,2.43,2.45,4.45,0.00,-24.01,-16.20,-0.67,-0.48
89.80,2.46,2.45,1.12,0.00,-13.35,-16.13,0.77,0.17
89.87,2.44,2.40,3.81,0.00,-20.34,-32.40,0.69,0.37
89.94,2.43,2.40,4.44,0.00,-23.97,-32.40,0.72,0.26
90.00,2.45,2.46,1.12,0.00,-16.20,-12.31,-0.70,-0.32
90.07,2.40,2.44,3.81,0.00,-31.12,-19.90,-0.66,-0.56
90.14,2.45,2.41,4.47,0.00,-16.20,-30.10,0.67,0.46
90.20,2.47,2.45,1.13,0.00,-11.02,-17.03,0.69,0.35
90.27,2.45,2.43,3.81,0.00,-16.20,-22.90,0.71,0.29
90.34,2.48,2.45,4.46,0.00,-8.10,-16.20,0.67,0.50
90.40,2.48,2.48,1.12,0.00,-6.83,-8.10,0.78,0.16
90.47,2.43,2.47,3.89,0.00,-21.89,-8.19,-0.62,-1.67
90.54,2.45,2.45,4.47,0.00,-16.20,-14.90,-0.82,-0.09
90.60,2.48,2.48,1.13,0.00,-8.10,-6.71,-0.74,-0.21
90.67,2.48,2.48,0.25,0.00,-8.10,-8.10,0.00,0.00
90.74,2.48,2.48,0.11,0.00,-7.83,-8.10,0.61,0.03
90.80,2.45,2.45,3.73,0.00,-16.20,-16.20,0.00,0.00
90.87,2.45,2.43,4.42,0.00,-16.20,-22.82,0.71,0.29
90.94,2.46,2.43,4.59,0.00,-14.52,-24.30,0.68,0.40
91.01,2.48,2.48,1.16,0.00,-6.46,-8.10,0.75,0.20
91.07,2.46,2.48,3.89,0.00,-14.44,-8.10,-0.65,-0.78
91.14,2.45,2.45,4.47,0.00,-16.20,-16.20,0.00,0.00
91.21,2.45,2.43,4.60,0.00,-16.20,-21.10,0.73,0.23
91.27,2.46,2.48,1.16,0.00,-13.13,-8.10,-0.66,-0.62
91.34,2.45,2.45,3.88,0.00,-14.85,-16.20,0.82,0.08
91.41,2.45,2.43,4.47,0.00,-14.67,-24.30,0.68,0.40
91.47,2.48,2.48,1.13,0.00,-8.10,-6.74,-0.75,-0.20
91.54,2.48,2.48,0.26,0.00,-8.10,-8.10,0.00,0.00
91.61,2.48,2.48,0.12,0.00,-6.66,-8.10,0.76,0.18
91.67,2.45,2.40,3.66,0.00,-16.29,-32.40,0.67,0.50
91.74,2.47,2.44,0.82,0.00,-8.25,-19.49,0.66,0.58
91.81,2.45,2.47,0.21,0.00,-16.20,-10.54,-0.66,-0.54
91.87,2.40,2.43,3.67,0.00,-31.81,-23.96,-0.70,-0.33
91.94,2.47,2.40,0.82,0.00,-8.37,-31.45,0.65,0.73
92.01,2.48,2.45,0.21,0.00,-8.10,-16.99,0.66,0.52
92.07,2.43,2.43,3.67,0.00,-23.97,-24.30,0.30,0.01
92.14,2.43,2.45,4.40,0.00,-24.30,-16.20,-0.67,-0.50
92.21,2.46,2.45,1.11,0.00,-12.13,-16.20,0.72,0.25
92.28,2.42,2.43,3.80,0.00,-25.97,-24.30,-0.81,-0.07
92.34,2.45,2.43,4.44,0.00,-16.20,-22.77,0.71,0.29
92.41,2.48,2.48,1.12,0.00,-8.10,-8.06,-0.11,-0.00
92.48,2.48,2.48,0.25,0.00,-6.36,-8.10,0.74,0.22
92.54,2.45,2.45,3.67,0.00,-16.20,-16.20,0.00,0.00
92.61,2.43,2.45,4.41,0.00,-21.54,-14.84,-0.67,-0.45
92.68,2.48,2.48,1.11,0.00,-8.10,-6.64,-0.74,-0.22
92.74,2.48,2.48,0.25,0.00,-8.10,-8.10,0.00,0.00
92.81,2.48,2.48,0.11,0.00,-8.10,-8.10,0.00,0.00
92.88,2.48,2.48,0.11,0.00,-6.52,-8.10,0.75,0.19
92.94,2.45,2.46,3.66,0.00,-16.20,-14.47,-0.80,-0.12
93.01,2.45,2.46,4.40,0.00,-16.20,-14.49,-0.81,-0.12
93.08,2.48,2.48,1.11,0.00,-8.10,-8.10,0.00,0.00
93.14,2.48,2.48,0.27,0.00,-7.85,-8.10,0.57,0.03
93.21,2.48,2.48,0.11,0.00,-8.10,-6.41,-0.72,-0.26
93.28,2.45,2.45,3.66,0.00,-16.20,-14.83,-0.82,-0.09
93.34,2.45,2.45,4.43,0.00,-16.20,-15.35,-0.77,-0.06
93.41,2.48,2.48,1.12,0.00,-6.33,-8.10,0.74,0.22
93.48,2.45,2.48,0.25,0.00,-16.20,-8.10,-0.64,-1.00
93.54,2.44,2.45,3.67,0.00,-20.90,-15.23,-0.69,-0.37
93.61,2.44,2.47,0.91,0.00,-20.13,-8.30,-0.63,-1.43
93.68,2.43,2.48,0.21,0.00,-21.12,-8.10,-0.63,-1.61
93.75,2.45,2.43,3.67,0.00,-16.28,-24.04,0.70,0.32
93.81,2.45,2.43,0.90,0.00,-16.20,-21.31,0.73,0.24
93.88,2.45,2.44,3.84,0.00,-16.66,-20.36,0.76,0.18
93.95,2.45,2.44,4.46,0.00,-16.20,-19.53,0.77,0.17
94.01,2.46,2.45,1.12,0.00,-11.40,-16.20,0.71,0.30
94.08,2.45,2.41,3.82,0.00,-17.06,-30.74,0.67,0.44
94.15,2.44,2.42,4.44,0.00,-19.80,-26.06,0.73,0.24
94.21,2.45,2.46,1.12,0.00,-16.20,-12.46,-0.71,-0.30
94.28,2.43,2.43,3.81,0.00,-24.30,-21.24,-0.79,-0.14
94.35,2.43,2.43,4.46,0.00,-24.30,-21.88,-0.81,-0.11
94.41,2.48,2.44,1.12,0.00,-8.10,-20.71,0.66,0.61
94.48,2.45,2.43,3.81,0.00,-16.42,-24.30,0.70,0.32
94.55,2.42,2.45,4.46,0.00,-24.98,-16.20,-0.66,-0.54
94.61,2.45,2.46,1.13,0.00,-16.20,-12.98,-0.72,-0.25
94.68,2.44,2.44,3.81,0.00,-19.87,-20.32,0.45,0.02
94.75,2.45,2.43,4.47,0.00,-16.20,-24.30,0.70,0.33
94.82,2.48,2.48,1.13,0.00,-8.10,-8.10,0.00,0.00
94.88,2.48,2.48,0.27,0.00,-8.10,-8.10,0.00,0.00
94.95,2.48,2.48,0.13,0.00,-6.64,-8.10,0.76,0.18
95.02,2.45,2.48,0.10,0.00,-16.20,-8.10,-0.64,-1.00
95.08,2.45,2.43,3.65,0.00,-16.20,-22.15,0.72,0.27
95.15,2.48,2.48,0.90,0.00,-8.10,-8.10,0.00,0.00
95.22,2.48,2.48,0.23,0.00,-6.29,-8.10,0.74,0.22
95.28,2.48,2.48,0.12,0.00,-8.07,-8.10,0.09,0.00
95.35,2.45,2.45,0.10,0.00,-16.20,-16.31,0.15,0.01
95.42,2.43,2.45,3.66,0.00,-21.24,-16.23,-0.70,-0.31
95.48,2.45,2.46,0.91,0.00,-16.20,-12.36,-0.70,-0.31
95.55,2.45,2.46,0.21,0.00,-16.22,-12.96,-0.72,-0.25
95.62,2.45,2.44,3.67,0.00,-16.20,-19.89,0.76,0.19
95.68,2.45,2.45,0.91,0.00,-16.04,-16.20,0.22,0.01
95.75,2.46,2.47,0.21,0.00,-11.41,-8.62,-0.70,-0.32
95.82,2.43,2.43,3.67,0.00,-22.84,-24.12,0.76,0.05
95.88,2.45,2.42,4.43,0.00,-16.41,-27.44,0.68,0.40
95.95,2.45,2.45,1.11,0.00,-16.20,-16.28,0.11,0.00
96.02,2.43,2.45,3.81,0.00,-21.40,-16.22,-0.70,-0.32
96.09,2.43,2.43,4.44,0.00,-24.30,-22.04,-0.82,-0.10
96.15,2.47,2.45,1.12,0.00,-8.98,-17.75,0.67,0.49
96.22,2.42,2.46,3.88,0.00,-26.05,-13.81,-0.64,-0.89
96.29,2.43,2.40,4.46,0.00,-24.19,-32.31,0.72,0.25
96.35,2.45,2.46,1.13,0.00,-16.20,-11.73,-0.69,-0.38
96.42,2.42,2.45,3.81,0.00,-27.36,-16.20,-0.65,-0.69
96.49,2.45,2.41,4.46,0.00,-16.22,-29.06,0.68,0.44
96.55,2.48,2.45,1.08,0.00,-8.10,-16.20,0.67,0.50
96.62,2.42,2.45,3.80,0.00,-26.55,-17.56,-0.67,-0.51
96.69,2.45,2.45,0.86,0.00,-16.20,-16.20,0.00,0.00
96.75,2.48,2.48,0.22,0.00,-8.10,-8.10,0.00,0.00
96.82,2.48,2.45,0.06,0.00,-6.37,-16.20,0.66,0.61
96.89,2.48,2.48,0.11,0.00,-8.10,-8.10,0.00,0.00
96.95,2.48,2.48,0.11,0.00,-8.10,-6.31,-0.71,-0.28
97.02,2.45,2.45,3.66,0.00,-16.20,-16.20,0.00,0.00
97.09,2.45,2.42,4.40,0.00,-16.41,-27.46,0.68,0.40
97.15,2.45,2.42,4.60,0.00,-16.20,-26.67,0.68,0.39
97.22,2.45,2.45,1.17,0.00,-15.90,-16.20,0.39,0.02
97.29,2.43,2.45,3.82,0.00,-24.30,-16.04,-0.67,-0.51
97.35,2.45,2.45,4.47,0.00,-16.20,-16.20,0.00,0.00
97.42,2.45,2.43,1.04,0.00,-16.56,-24.30,0.70,0.32
97.49,2.48,2.45,0.23,0.00,-8.10,-16.34,0.67,0.50
97.56,2.41,2.43,3.68,0.00,-29.16,-22.41,-0.71,-0.30
97.62,2.44,2.44,0.83,0.00,-19.96,-18.69,-0.80,-0.07
97.69,2.47,2.44,0.21,0.00,-8.28,-19.42,0.66,0.57
97.76,2.42,2.43,3.67,0.00,-24.37,-24.30,-0.07,-0.00
97.82,2.44,2.45,4.41,0.00,-18.19,-17.72,-0.52,-0.03
97.89,2.44,2.47,1.11,0.00,-20.67,-8.19,-0.63,-1.52
97.96,2.46,2.45,0.25,0.00,-12.37,-16.19,0.73,0.24
98.02,2.43,2.40,3.68,0.00,-24.30,-32.40,0.72,0.25
98.09,2.46,2.45,0.91,0.00,-12.34,-16.32,0.73,0.24
98.16,2.48,2.48,0.21,0.00,-8.10,-8.10,0.00,0.00
98.22,2.45,2.46,0.10,0.00,-16.20,-12.23,-0.70,-0.33
98.29,2.42,2.41,3.66,0.00,-24.32,-29.01,0.77,0.16
98.36,2.46,2.45,0.91,0.00,-11.92,-16.20,0.72,0.26
98.42,2.47,2.43,0.21,0.00,-8.22,-21.22,0.66,0.61
98.49,2.45,2.45,3.67,0.00,-16.20,-16.29,0.12,0.01
98.56,2.45,2.43,0.82,0.00,-15.51,-23.98,0.69,0.35
98.63,2.48,2.43,0.19,0.00,-8.10,-22.04,0.65,0.63
98.69,2.45,2.43,3.67,0.00,-16.20,-23.84,0.70,0.32
98.76,2.43,2.43,4.43,0.00,-24.29,-21.81,-0.81,-0.11
98.83,2.45,2.48,1.12,0.00,-16.20,-8.10,-0.64,-1.00
98.89,2.45,2.42,3.81,0.00,-17.23,-25.33,0.70,0.32
98.96,2.42,2.43,4.46,0.00,-24.72,-24.30,-0.37,-0.02
99.03,2.48,2.48,1.13,0.00,-6.29,-6.48,0.57,0.03
99.09,2.48,2.48,0.25,0.00,-8.10,-8.02,-0.22,-0.01
99.16,2.45,2.45,3.68,0.00,-16.20,-16.20,0.00,0.00
99.23,2.46,2.45,4.41,0.00,-14.24,-16.20,0.80,0.12
99.29,2.48,2.43,4.61,0.00,-8.10,-22.91,0.65,0.65
99.36,2.46,2.46,1.17,0.00,-13.27,-13.47,0.32,0.01
99.43,2.40,2.45,3.83,0.00,-31.38,-16.20,-0.64,-0.94
99.49,2.41,2.40,4.44,0.00,-28.70,-32.38,0.81,0.11
99.56,2.47,2.45,1.12,0.00,-8.14,-16.20,0.67,0.50
99.63,2.43,2.43,3.82,0.00,-23.14,-24.30,0.73,0.05
99.69,2.43,2.43,4.45,0.00,-22.43,-24.30,0.82,0.08
99.76,2.45,2.45,1.12,0.00,-16.20,-14.87,-0.82,-0.09
99.83,2.44,2.45,0.25,0.00,-19.29,-16.20,-0.75,-0.19
99.90,2.45,2.40,3.68,0.00,-16.20,-32.40,0.67,0.50
99.96,2.45,2.46,0.91,0.00,-16.19,-13.52,-0.75,-0.20
100.03,2.43,2.47,0.21,0.00,-21.96,-8.12,-0.62,-1.71
100.10,2.44,2.40,3.68,0.00,-18.92,-32.40,0.68,0.42
100.16,2.48,2.43,0.91,0.00,-8.10,-22.08,0.65,0.63
100.23,2.45,2.47,0.21,0.00,-16.29,-11.05,-0.67,-0.48
100.30,2.43,2.43,3.67,0.00,-24.26,-22.93,-0.78,-0.06
100.36,2.44,2.46,0.91,0.00,-20.22,-11.98,-0.65,-0.69
100.43,2.41,2.43,3.77,0.00,-27.55,-24.30,-0.79,-0.13
100.50,2.43,2.40,4.45,0.00,-24.30,-32.08,0.73,0.24
100.56,2.46,2.45,1.10,0.00,-14.44,-16.20,0.81,0.11
100.63,2.45,2.45,3.81,0.00,-16.20,-14.82,-0.82,-0.09
100.70,2.48,2.45,0.86,0.00,-6.61,-16.20,0.66,0.59
100.77,2.48,2.48,0.20,0.00,-8.10,-8.10,0.00,0.00
100.83,2.48,2.48,0.11,0.00,-8.10,-6.18,-0.70,-0.31
100.90,2.43,2.45,3.66,0.00,-24.30,-15.46,-0.66,-0.57
100.97,2.48,2.48,0.90,0.00,-8.10,-8.10,0.00,0.00
101.03,2.45,2.48,0.23,0.00,-14.81,-8.10,-0.64,-0.83
101.10,2.45,2.48,0.11,0.00,-16.20,-8.10,-0.64,-1.00
101.17,2.44,2.45,3.66,0.00,-19.51,-16.20,-0.75,-0.20
101.23,2.48,2.48,0.90,0.00,-8.10,-6.60,-0.73,-0.23
101.30,2.43,2.43,3.77,0.00,-24.30,-23.56,-0.59,-0.03
101.37,2.45,2.41,4.43,0.00,-16.21,-29.55,0.67,0.45
101.43,2.46,2.45,1.12,0.00,-11.88,-16.45,0.71,0.28
101.50,2.43,2.42,3.81,0.00,-22.03,-24.31,0.82,0.09
101.57,2.45,2.45,0.86,0.00,-16.20,-17.56,0.82,0.08
101.63,2.46,2.45,0.22,0.00,-13.90,-16.08,0.79,0.14
101.70,2.42,2.41,3.67,0.00,-24.31,-29.15,0.77,0.17
101.77,2.48,2.43,0.82,0.00,-8.10,-22.46,0.65,0.64
101.84,2.45,2.48,0.19,0.00,-14.90,-8.10,-0.64,-0.84
101.90,2.41,2.45,3.67,0.00,-29.09,-16.20,-0.65,-0.80
101.97,2.45,2.45,0.91,0.00,-16.20,-14.79,-0.82,-0.10
102.04,2.47,2.43,0.22,0.00,-10.86,-23.43,0.66,0.54
102.10,2.43,2.43,3.68,0.00,-23.37,-24.30,0.66,0.04
102.17,2.44,2.47,0.91,0.00,-19.80,-8.42,-0.63,-1.35
102.24,2.45,2.46,0.21,0.00,-16.24,-12.30,-0.70,-0.32
102.30,2.44,2.43,3.67,0.00,-19.05,-24.30,0.74,0.22
102.37,2.46,2.45,0.91,0.00,-14.28,-16.20,0.81,0.12
102.44,2.44,2.47,3.84,0.00,-20.14,-8.30,-0.63,-1.43
102.50,2.43,2.44,4.45,0.00,-24.30,-20.83,-0.77,-0.17
102.57,2.44,2.45,1.12,0.00,-20.35,-16.20,-0.72,-0.26
102.64,2.44,2.43,3.82,0.00,-19.47,-24.30,0.75,0.20
102.71,2.46,2.46,0.95,0.00,-13.78,-12.60,-0.82,-0.09
102.77,2.45,2.47,0.16,0.00,-17.05,-10.07,-0.65,-0.69
102.84,2.42,2.45,3.66,0.00,-27.26,-16.20,-0.65,-0.68
102.91,2.48,2.48,0.90,0.00,-6.64,-8.10,0.76,0.18
102.97,2.45,2.46,3.84,0.00,-16.86,-13.73,-0.73,-0.23
103.04,2.45,2.43,4.48,0.00,-16.20,-23.71,0.70,0.32
103.11,2.48,2.48,1.13,0.00,-8.10,-8.10,0.00,0.00
103.17,2.48,2.45,0.25,0.00,-8.06,-16.20,0.67,0.50
103.24,2.45,2.45,3.68,0.00,-16.14,-16.20,0.08,0.00
103.31,2.48,2.45,4.43,0.00,-8.10,-15.83,0.67,0.49
103.37,2.48,2.48,1.10,0.00,-8.10,-6.48,-0.72,-0.25
103.44,2.45,2.45,3.81,0.00,-16.20,-16.22,0.03,0.00
103.51,2.48,2.45,4.47,0.00,-8.10,-16.20,0.67,0.50
103.58,2.45,2.48,1.11,0.00,-16.20,-6.71,-0.63,-1.42
103.64,2.45,2.45,3.81,0.00,-16.20,-15.48,-0.72,-0.05
103.71,2.44,2.45,0.86,0.00,-18.94,-17.24,-0.82,-0.10
103.78,2.48,2.43,0.20,0.00,-6.51,-24.28,0.65,0.73
103.84,2.43,2.40,3.67,0.00,-24.30,-31.12,0.74,0.22
103.91,2.45,2.44,0.91,0.00,-16.20,-19.18,0.78,0.16
103.98,2.46,2.47,0.21,0.00,-14.15,-8.11,-0.65,-0.75
104.04,2.40,2.45,3.67,0.00,-30.95,-16.20,-0.64,-0.91
104.11,2.45,2.46,0.90,0.00,-16.23,-12.57,-0.71,-0.29
104.18,2.42,2.43,3.77,0.00,-26.79,-24.30,-0.82,-0.10
104.24,2.44,2.42,4.43,0.00,-19.24,-26.03,0.72,0.26
104.31,2.46,2.47,1.11,0.00,-12.34,-8.22,-0.67,-0.50
104.38,2.45,2.45,3.81,0.00,-14.65,-16.20,0.82,0.10
104.45,2.48,2.45,0.86,0.00,-6.74,-16.20,0.66,0.58
104.51,2.48,2.48,0.20,0.00,-8.10,-8.10,0.00,0.00
104.58,2.48,2.48,0.10,0.00,-8.10,-7.98,-0.32,-0.01
104.65,2.45,2.45,3.66,0.00,-16.20,-16.17,-0.04,-0.00
104.71,2.46,2.45,4.42,0.00,-13.91,-16.20,0.79,0.14
104.78,2.48,2.48,1.10,0.00,-6.29,-8.10,0.74,0.22
104.85,2.43,2.46,3.81,0.00,-23.82,-14.52,-0.65,-0.64
104.91,2.47,2.48,0.94,0.00,-8.11,-6.32,-0.71,-0.28
104.98,2.48,2.48,0.22,0.00,-8.10,-8.02,-0.22,-0.01
105.05,2.46,2.45,3.68,0.00,-14.39,-16.20,0.81,0.11
105.11,2.45,2.45,4.43,0.00,-15.72,-16.20,0.57,0.03
105.18,2.48,2.48,1.12,0.00,-8.10,-6.73,-0.75,-0.20
105.25,2.45,2.46,3.81,0.00,-16.20,-14.50,-0.81,-0.12
105.31,2.45,2.43,4.44,0.00,-15.46,-24.30,0.69,0.36
105.38,2.48,2.48,1.12,0.00,-6.32,-8.10,0.74,0.22
105.45,2.45,2.46,3.81,0.00,-16.20,-14.43,-0.80,-0.12
105.52,2.44,2.45,4.47,0.00,-20.21,-16.37,-0.73,-0.23
105.58,2.43,2.47,1.11,0.00,-22.25,-8.11,-0.62,-1.74
105.65,2.42,2.43,3.81,0.00,-24.31,-21.49,-0.80,-0.13
105.72,2.48,2.44,0.94,0.00,-8.10,-20.54,0.66,0.61
105.78,2.46,2.45,0.22,0.00,-13.92,-16.21,0.79,0.14
105.85,2.41,2.45,3.67,0.00,-30.70,-16.20,-0.64,-0.89
105.92,2.48,2.48,0.91,0.00,-8.10,-8.10,0.00,0.00
105.98,2.45,2.46,0.24,0.00,-16.20,-14.34,-0.80,-0.13
106.05,2.44,2.42,3.67,0.00,-19.58,-26.41,0.72,0.26
106.12,2.44,2.45,4.43,0.00,-20.13,-16.40,-0.73,-0.23
106.18,2.45,2.48,1.09,0.00,-17.13,-8.10,-0.63,-1.11
106.25,2.45,2.43,3.80,0.00,-16.20,-24.30,0.70,0.33
106.32,2.47,2.44,0.94,0.00,-8.39,-19.09,0.66,0.56
106.39,2.47,2.45,0.22,0.00,-8.68,-16.32,0.67,0.47
106.45,2.45,2.45,3.67,0.00,-16.20,-14.82,-0.82,-0.09
106.52,2.48,2.48,0.90,0.00,-8.10,-8.10,0.00,0.00
106.59,2.48,2.48,0.23,0.00,-8.10,-8.10,0.00,0.00
106.65,2.48,2.48,0.13,0.00,-7.99,-8.10,0.30,0.01
106.72,2.48,2.48,0.10,0.00,-8.10,-6.48,-0.72,-0.25
106.79,2.45,2.43,3.67,0.00,-16.20,-24.30,0.70,0.33
106.85,2.48,2.48,0.90,0.00,-6.64,-8.10,0.76,0.18
106.92,2.48,2.48,0.21,0.00,-8.10,-8.10,0.00,0.00
106.99,2.48,2.46,0.10,0.00,-8.10,-11.78,0.70,0.31
107.05,2.45,2.43,3.66,0.00,-16.20,-22.49,0.71,0.28
107.12,2.48,2.48,0.90,0.00,-8.10,-8.10,0.00,0.00
107.19,2.48,2.48,0.23,0.00,-8.10,-8.10,0.00,0.00
107.25,2.48,2.48,0.13,0.00,-6.74,-8.10,0.77,0.17
107.32,2.45,2.45,0.10,0.00,-17.59,-16.20,-0.82,-0.09
107.39,2.41,2.45,3.67,0.00,-29.88,-16.22,-0.64,-0.84
107.45,2.45,2.45,0.91,0.00,-16.20,-15.55,-0.69,-0.04
107.52,2.42,2.45,3.84,0.00,-24.83,-14.84,-0.65,-0.67
107.59,2.44,2.42,4.48,0.00,-18.89,-25.71,0.72,0.27
107.65,2.47,2.46,1.11,0.00,-8.50,-12.23,0.70,0.30
107.72,2.43,2.45,3.81,0.00,-22.75,-16.20,-0.68,-0.40
107.79,2.48,2.45,0.94,0.00,-8.10,-16.20,0.67,0.50
107.86,2.48,2.43,0.22,0.00,-8.10,-23.67,0.65,0.66
107.92,2.43,2.44,3.68,0.00,-21.34,-19.85,-0.81,-0.07
107.99,2.43,2.47,0.91,0.00,-21.73,-8.12,-0.62,-1.68
108.06,2.45,2.48,0.21,0.00,-17.65,-8.10,-0.63,-1.18
108.12,2.42,2.43,3.67,0.00,-26.53,-24.30,-0.82,-0.09
108.19,2.47,2.43,0.91,0.00,-10.87,-23.43,0.66,0.54
108.26,2.45,2.48,3.85,0.00,-16.20,-6.52,-0.63,-1.48
108.32,2.45,2.45,4.46,0.00,-16.20,-15.52,-0.71,-0.04
108.39,2.48,2.48,1.12,0.00,-7.35,-8.10,0.82,0.09
108.46,2.45,2.48,0.25,0.00,-16.20,-8.10,-0.64,-1.00
108.52,2.45,2.45,3.68,0.00,-16.20,-16.20,0.00,0.00
108.59,2.45,2.45,4.47,0.00,-16.20,-15.72,-0.57,-0.03
108.66,2.48,2.48,1.11,0.00,-8.10,-8.10,0.00,0.00
108.72,2.48,2.48,0.25,0.00,-6.67,-8.10,0.76,0.18
108.79,2.45,2.45,3.67,0.00,-16.15,-16.20,0.07,0.00
108.86,2.48,2.41,4.42,0.00,-8.10,-29.00,0.65,0.72
108.93,2.48,2.48,1.11,0.00,-8.10,-8.10,0.00,0.00
108.99,2.45,2.45,0.25,0.00,-15.16,-15.93,0.73,0.05
109.06,2.43,2.44,3.68,0.00,-21.54,-19.17,-0.80,-0.12
109.13,2.46,2.43,0.82,0.00,-12.45,-24.01,0.67,0.48
109.19,2.46,2.48,0.20,0.00,-14.43,-8.10,-0.65,-0.78
109.26,2.43,2.44,3.67,0.00,-24.30,-18.77,-0.71,-0.29
109.33,2.46,2.45,0.90,0.00,-13.21,-16.52,0.75,0.20
109.39,2.43,2.43,3.83,0.00,-24.30,-21.57,-0.80,-0.13
109.46,2.45,2.44,4.45,0.00,-16.22,-19.41,0.77,0.16
109.53,2.44,2.47,1.12,0.00,-20.62,-8.19,-0.63,-1.52
109.59,2.43,2.43,3.81,0.00,-24.30,-21.23,-0.79,-0.14
109.66,2.47,2.42,0.85,0.00,-8.47,-27.01,0.65,0.69
109.73,2.47,2.45,0.20,0.00,-8.12,-16.20,0.67,0.50
109.80,2.43,2.42,3.67,0.00,-24.30,-24.31,0.01,0.00
109.86,2.43,2.45,0.82,0.00,-22.89,-16.20,-0.68,-0.41
109.93,2.48,2.45,0.19,0.00,-6.04,-16.14,0.66,0.63
110.00,2.45,2.45,3.67,0.00,-16.05,-16.20,0.21,0.01
110.06,2.48,2.46,0.83,0.00,-8.10,-14.51,0.68,0.44
110.13,2.48,2.48,0.19,0.00,-8.10,-6.58,-0.73,-0.23
110.20,2.45,2.45,3.67,0.00,-16.20,-16.25,0.07,0.00
110.26,2.48,2.43,4.43,0.00,-6.27,-24.30,0.65,0.74
